52305876 56 1
46179110 56 1
15828881 56 1
14834514 56 1
48771162 56 1
27732656 56 1
32891150 56 1
13416244 56 1
56603618 56 1
24937481 56 1
42097128 56 1
16468228 56 1
35324308 56 1
24648755 56 1
14947737 56 1
33199466 56 1
33263631 56 1
53212478 56 1
39719620 56 1
35895165 56 1
43141235 56 1
12121541 56 1
29370488 56 1
58895346 56 1
55739054 56 1
52305876 57 1
46179110 57 1
15828881 57 1
14834514 57 1
48771162 57 1
27732656 57 1
32891150 57 1
13416244 57 1
56603618 57 1
24937481 57 1
42097128 57 1
16468228 57 1
35324308 57 1
24648755 57 1
14947737 57 1
33199466 57 1
33263631 57 1
53212478 57 1
39719620 57 1
35895165 57 1
43141235 57 1
12121541 57 1
29370488 57 1
58895346 57 1
55739054 57 1
52305876 58 1
46179110 58 1
15828881 58 1
14834514 58 1
48771162 58 1
27732656 58 1
32891150 58 1
13416244 58 1
56603618 58 1
24937481 58 1
42097128 58 1
16468228 58 1
35324308 58 1
24648755 58 1
14947737 58 1
33199466 58 1
33263631 58 1
53212478 58 1
39719620 58 1
35895165 58 1
43141235 58 1
12121541 58 1
29370488 58 1
58895346 58 1
55739054 58 1
52305876 59 1
46179110 59 1
15828881 59 1
14834514 59 1
48771162 59 1
27732656 59 1
32891150 59 1
13416244 59 1
56603618 59 1
24937481 59 1
42097128 59 1
16468228 59 1
35324308 59 1
24648755 59 1
14947737 59 1
33199466 59 1
33263631 59 1
53212478 59 1
39719620 59 1
35895165 59 1
43141235 59 1
12121541 59 1
29370488 59 1
58895346 59 1
55739054 59 1
52305876 60 1
46179110 60 1
15828881 60 1
14834514 60 1
48771162 60 1
27732656 60 1
32891150 60 1
13416244 60 1
56603618 60 1
24937481 60 1
42097128 60 1
16468228 60 1
35324308 60 1
24648755 60 1
14947737 60 1
33199466 60 1
33263631 60 1
53212478 60 1
39719620 60 1
35895165 60 1
43141235 60 1
12121541 60 1
29370488 60 1
58895346 60 1
55739054 60 1
52305876 61 1
46179110 61 1
15828881 61 1
14834514 61 1
48771162 61 1
27732656 61 1
32891150 61 1
13416244 61 1
56603618 61 1
24937481 61 1
42097128 61 1
16468228 61 1
35324308 61 1
24648755 61 1
14947737 61 1
33199466 61 1
33263631 61 1
53212478 61 1
39719620 61 1
35895165 61 1
43141235 61 1
12121541 61 1
29370488 61 1
58895346 61 1
55739054 61 1
52305876 62 1
46179110 62 1
15828881 62 1
14834514 62 1
48771162 62 1
27732656 62 1
32891150 62 1
13416244 62 1
56603618 62 1
24937481 62 1
42097128 62 1
16468228 62 1
35324308 62 1
24648755 62 1
14947737 62 1
33199466 62 1
33263631 62 1
53212478 62 1
39719620 62 1
35895165 62 1
43141235 62 1
12121541 62 1
29370488 62 1
58895346 62 1
55739054 62 1
36348442 56 2
42675358 56 2
34949662 56 2
18202694 56 2
34781668 56 2
35406001 56 2
27850242 56 2
12783157 56 2
49688714 56 2
28019956 56 2
36787090 56 2
19178234 56 2
31268639 56 2
24497611 56 2
14473188 56 2
38526472 56 2
38212085 56 2
56875774 56 2
46482848 56 2
27071484 56 2
16660010 56 2
16579562 56 2
37031424 56 2
34197629 56 2
34851194 56 2
36348442 57 2
42675358 57 2
34949662 57 2
18202694 57 2
34781668 57 2
35406001 57 2
27850242 57 2
12783157 57 2
49688714 57 2
28019956 57 2
36787090 57 2
19178234 57 2
31268639 57 2
24497611 57 2
14473188 57 2
38526472 57 2
38212085 57 2
56875774 57 2
46482848 57 2
27071484 57 2
16660010 57 2
16579562 57 2
37031424 57 2
34197629 57 2
34851194 57 2
36348442 58 2
42675358 58 2
34949662 58 2
18202694 58 2
34781668 58 2
35406001 58 2
27850242 58 2
12783157 58 2
49688714 58 2
28019956 58 2
36787090 58 2
19178234 58 2
31268639 58 2
24497611 58 2
14473188 58 2
38526472 58 2
38212085 58 2
56875774 58 2
46482848 58 2
27071484 58 2
16660010 58 2
16579562 58 2
37031424 58 2
34197629 58 2
34851194 58 2
36348442 59 2
42675358 59 2
34949662 59 2
18202694 59 2
34781668 59 2
35406001 59 2
27850242 59 2
12783157 59 2
49688714 59 2
28019956 59 2
36787090 59 2
19178234 59 2
31268639 59 2
24497611 59 2
14473188 59 2
38526472 59 2
38212085 59 2
56875774 59 2
46482848 59 2
27071484 59 2
16660010 59 2
16579562 59 2
37031424 59 2
34197629 59 2
34851194 59 2
36348442 60 2
42675358 60 2
34949662 60 2
18202694 60 2
34781668 60 2
35406001 60 2
27850242 60 2
12783157 60 2
49688714 60 2
28019956 60 2
36787090 60 2
19178234 60 2
31268639 60 2
24497611 60 2
14473188 60 2
38526472 60 2
38212085 60 2
56875774 60 2
46482848 60 2
27071484 60 2
16660010 60 2
16579562 60 2
37031424 60 2
34197629 60 2
34851194 60 2
36348442 61 2
42675358 61 2
34949662 61 2
18202694 61 2
34781668 61 2
35406001 61 2
27850242 61 2
12783157 61 2
49688714 61 2
28019956 61 2
36787090 61 2
19178234 61 2
31268639 61 2
24497611 61 2
14473188 61 2
38526472 61 2
38212085 61 2
56875774 61 2
46482848 61 2
27071484 61 2
16660010 61 2
16579562 61 2
37031424 61 2
34197629 61 2
34851194 61 2
36348442 62 2
42675358 62 2
34949662 62 2
18202694 62 2
34781668 62 2
35406001 62 2
27850242 62 2
12783157 62 2
49688714 62 2
28019956 62 2
36787090 62 2
19178234 62 2
31268639 62 2
24497611 62 2
14473188 62 2
38526472 62 2
38212085 62 2
56875774 62 2
46482848 62 2
27071484 62 2
16660010 62 2
16579562 62 2
37031424 62 2
34197629 62 2
34851194 62 2
13754971 56 3
56335374 56 3
58254780 56 3
12718827 56 3
14117958 56 3
21306615 56 3
31448790 56 3
37028429 56 3
15273492 56 3
41583930 56 3
33143702 56 3
15688255 56 3
14691851 56 3
27711985 56 3
25941259 56 3
32958590 56 3
52883026 56 3
44265440 56 3
35831296 56 3
58421636 56 3
18941204 56 3
16079471 56 3
24846626 56 3
47939579 56 3
17831060 56 3
13754971 57 3
56335374 57 3
58254780 57 3
12718827 57 3
14117958 57 3
21306615 57 3
31448790 57 3
37028429 57 3
15273492 57 3
41583930 57 3
33143702 57 3
15688255 57 3
14691851 57 3
27711985 57 3
25941259 57 3
32958590 57 3
52883026 57 3
44265440 57 3
35831296 57 3
58421636 57 3
18941204 57 3
16079471 57 3
24846626 57 3
47939579 57 3
17831060 57 3
13754971 58 3
56335374 58 3
58254780 58 3
12718827 58 3
14117958 58 3
21306615 58 3
31448790 58 3
37028429 58 3
15273492 58 3
41583930 58 3
33143702 58 3
15688255 58 3
14691851 58 3
27711985 58 3
25941259 58 3
32958590 58 3
52883026 58 3
44265440 58 3
35831296 58 3
58421636 58 3
18941204 58 3
16079471 58 3
24846626 58 3
47939579 58 3
17831060 58 3
13754971 59 3
56335374 59 3
58254780 59 3
12718827 59 3
14117958 59 3
21306615 59 3
31448790 59 3
37028429 59 3
15273492 59 3
41583930 59 3
33143702 59 3
15688255 59 3
14691851 59 3
27711985 59 3
25941259 59 3
32958590 59 3
52883026 59 3
44265440 59 3
35831296 59 3
58421636 59 3
18941204 59 3
16079471 59 3
24846626 59 3
47939579 59 3
17831060 59 3
13754971 60 3
56335374 60 3
58254780 60 3
12718827 60 3
14117958 60 3
21306615 60 3
31448790 60 3
37028429 60 3
15273492 60 3
41583930 60 3
33143702 60 3
15688255 60 3
14691851 60 3
27711985 60 3
25941259 60 3
32958590 60 3
52883026 60 3
44265440 60 3
35831296 60 3
58421636 60 3
18941204 60 3
16079471 60 3
24846626 60 3
47939579 60 3
17831060 60 3
13754971 61 3
56335374 61 3
58254780 61 3
12718827 61 3
14117958 61 3
21306615 61 3
31448790 61 3
37028429 61 3
15273492 61 3
41583930 61 3
33143702 61 3
15688255 61 3
14691851 61 3
27711985 61 3
25941259 61 3
32958590 61 3
52883026 61 3
44265440 61 3
35831296 61 3
58421636 61 3
18941204 61 3
16079471 61 3
24846626 61 3
47939579 61 3
17831060 61 3
13754971 62 3
56335374 62 3
58254780 62 3
12718827 62 3
14117958 62 3
21306615 62 3
31448790 62 3
37028429 62 3
15273492 62 3
41583930 62 3
33143702 62 3
15688255 62 3
14691851 62 3
27711985 62 3
25941259 62 3
32958590 62 3
52883026 62 3
44265440 62 3
35831296 62 3
58421636 62 3
18941204 62 3
16079471 62 3
24846626 62 3
47939579 62 3
17831060 62 3
38957019 56 4
28054516 56 4
36892794 56 4
33701328 56 4
55513947 56 4
22792875 56 4
15926578 56 4
53446057 56 4
48741129 56 4
17074303 56 4
29694389 56 4
53622021 56 4
56567563 56 4
19362968 56 4
33607358 56 4
37061116 56 4
12452603 56 4
18898227 56 4
15350593 56 4
39648645 56 4
45136557 56 4
11493216 56 4
56423187 56 4
28305878 56 4
58922323 56 4
38957019 57 4
28054516 57 4
36892794 57 4
33701328 57 4
55513947 57 4
22792875 57 4
15926578 57 4
53446057 57 4
48741129 57 4
17074303 57 4
29694389 57 4
53622021 57 4
56567563 57 4
19362968 57 4
33607358 57 4
37061116 57 4
12452603 57 4
18898227 57 4
15350593 57 4
39648645 57 4
45136557 57 4
11493216 57 4
56423187 57 4
28305878 57 4
58922323 57 4
38957019 58 4
28054516 58 4
36892794 58 4
33701328 58 4
55513947 58 4
22792875 58 4
15926578 58 4
53446057 58 4
48741129 58 4
17074303 58 4
29694389 58 4
53622021 58 4
56567563 58 4
19362968 58 4
33607358 58 4
37061116 58 4
12452603 58 4
18898227 58 4
15350593 58 4
39648645 58 4
45136557 58 4
11493216 58 4
56423187 58 4
28305878 58 4
58922323 58 4
38957019 59 4
28054516 59 4
36892794 59 4
33701328 59 4
55513947 59 4
22792875 59 4
15926578 59 4
53446057 59 4
48741129 59 4
17074303 59 4
29694389 59 4
53622021 59 4
56567563 59 4
19362968 59 4
33607358 59 4
37061116 59 4
12452603 59 4
18898227 59 4
15350593 59 4
39648645 59 4
45136557 59 4
11493216 59 4
56423187 59 4
28305878 59 4
58922323 59 4
38957019 60 4
28054516 60 4
36892794 60 4
33701328 60 4
55513947 60 4
22792875 60 4
15926578 60 4
53446057 60 4
48741129 60 4
17074303 60 4
29694389 60 4
53622021 60 4
56567563 60 4
19362968 60 4
33607358 60 4
37061116 60 4
12452603 60 4
18898227 60 4
15350593 60 4
39648645 60 4
45136557 60 4
11493216 60 4
56423187 60 4
28305878 60 4
58922323 60 4
38957019 61 4
28054516 61 4
36892794 61 4
33701328 61 4
55513947 61 4
22792875 61 4
15926578 61 4
53446057 61 4
48741129 61 4
17074303 61 4
29694389 61 4
53622021 61 4
56567563 61 4
19362968 61 4
33607358 61 4
37061116 61 4
12452603 61 4
18898227 61 4
15350593 61 4
39648645 61 4
45136557 61 4
11493216 61 4
56423187 61 4
28305878 61 4
58922323 61 4
38957019 62 4
28054516 62 4
36892794 62 4
33701328 62 4
55513947 62 4
22792875 62 4
15926578 62 4
53446057 62 4
48741129 62 4
17074303 62 4
29694389 62 4
53622021 62 4
56567563 62 4
19362968 62 4
33607358 62 4
37061116 62 4
12452603 62 4
18898227 62 4
15350593 62 4
39648645 62 4
45136557 62 4
11493216 62 4
56423187 62 4
28305878 62 4
58922323 62 4
46963733 56 5
32418974 56 5
49640403 56 5
49896729 56 5
18238487 56 5
59650783 56 5
43466403 56 5
24970350 56 5
54000509 56 5
17876937 56 5
57228344 56 5
45145556 56 5
56506555 56 5
52334865 56 5
15624295 56 5
38882624 56 5
22980276 56 5
38509519 56 5
14834683 56 5
19896167 56 5
35899406 56 5
57016361 56 5
19913925 56 5
35940140 56 5
33596901 56 5
46963733 57 5
32418974 57 5
49640403 57 5
49896729 57 5
18238487 57 5
59650783 57 5
43466403 57 5
24970350 57 5
54000509 57 5
17876937 57 5
57228344 57 5
45145556 57 5
56506555 57 5
52334865 57 5
15624295 57 5
38882624 57 5
22980276 57 5
38509519 57 5
14834683 57 5
19896167 57 5
35899406 57 5
57016361 57 5
19913925 57 5
35940140 57 5
33596901 57 5
46963733 58 5
32418974 58 5
49640403 58 5
49896729 58 5
18238487 58 5
59650783 58 5
43466403 58 5
24970350 58 5
54000509 58 5
17876937 58 5
57228344 58 5
45145556 58 5
56506555 58 5
52334865 58 5
15624295 58 5
38882624 58 5
22980276 58 5
38509519 58 5
14834683 58 5
19896167 58 5
35899406 58 5
57016361 58 5
19913925 58 5
35940140 58 5
33596901 58 5
46963733 59 5
32418974 59 5
49640403 59 5
49896729 59 5
18238487 59 5
59650783 59 5
43466403 59 5
24970350 59 5
54000509 59 5
17876937 59 5
57228344 59 5
45145556 59 5
56506555 59 5
52334865 59 5
15624295 59 5
38882624 59 5
22980276 59 5
38509519 59 5
14834683 59 5
19896167 59 5
35899406 59 5
57016361 59 5
19913925 59 5
35940140 59 5
33596901 59 5
46963733 60 5
32418974 60 5
49640403 60 5
49896729 60 5
18238487 60 5
59650783 60 5
43466403 60 5
24970350 60 5
54000509 60 5
17876937 60 5
57228344 60 5
45145556 60 5
56506555 60 5
52334865 60 5
15624295 60 5
38882624 60 5
22980276 60 5
38509519 60 5
14834683 60 5
19896167 60 5
35899406 60 5
57016361 60 5
19913925 60 5
35940140 60 5
33596901 60 5
46963733 61 5
32418974 61 5
49640403 61 5
49896729 61 5
18238487 61 5
59650783 61 5
43466403 61 5
24970350 61 5
54000509 61 5
17876937 61 5
57228344 61 5
45145556 61 5
56506555 61 5
52334865 61 5
15624295 61 5
38882624 61 5
22980276 61 5
38509519 61 5
14834683 61 5
19896167 61 5
35899406 61 5
57016361 61 5
19913925 61 5
35940140 61 5
33596901 61 5
46963733 62 5
32418974 62 5
49640403 62 5
49896729 62 5
18238487 62 5
59650783 62 5
43466403 62 5
24970350 62 5
54000509 62 5
17876937 62 5
57228344 62 5
45145556 62 5
56506555 62 5
52334865 62 5
15624295 62 5
38882624 62 5
22980276 62 5
38509519 62 5
14834683 62 5
19896167 62 5
35899406 62 5
57016361 62 5
19913925 62 5
35940140 62 5
33596901 62 5
12859530 56 6
16283587 56 6
44249707 56 6
23372076 56 6
52310192 56 6
37477672 56 6
11946241 56 6
46445111 56 6
54502745 56 6
59646819 56 6
36561331 56 6
18217722 56 6
52522197 56 6
58693021 56 6
47687718 56 6
49134133 56 6
59514406 56 6
43262726 56 6
47624962 56 6
41789643 56 6
51302867 56 6
23287657 56 6
53999424 56 6
42124876 56 6
59254537 56 6
12859530 57 6
16283587 57 6
44249707 57 6
23372076 57 6
52310192 57 6
37477672 57 6
11946241 57 6
46445111 57 6
54502745 57 6
59646819 57 6
36561331 57 6
18217722 57 6
52522197 57 6
58693021 57 6
47687718 57 6
49134133 57 6
59514406 57 6
43262726 57 6
47624962 57 6
41789643 57 6
51302867 57 6
23287657 57 6
53999424 57 6
42124876 57 6
59254537 57 6
12859530 58 6
16283587 58 6
44249707 58 6
23372076 58 6
52310192 58 6
37477672 58 6
11946241 58 6
46445111 58 6
54502745 58 6
59646819 58 6
36561331 58 6
18217722 58 6
52522197 58 6
58693021 58 6
47687718 58 6
49134133 58 6
59514406 58 6
43262726 58 6
47624962 58 6
41789643 58 6
51302867 58 6
23287657 58 6
53999424 58 6
42124876 58 6
59254537 58 6
12859530 59 6
16283587 59 6
44249707 59 6
23372076 59 6
52310192 59 6
37477672 59 6
11946241 59 6
46445111 59 6
54502745 59 6
59646819 59 6
36561331 59 6
18217722 59 6
52522197 59 6
58693021 59 6
47687718 59 6
49134133 59 6
59514406 59 6
43262726 59 6
47624962 59 6
41789643 59 6
51302867 59 6
23287657 59 6
53999424 59 6
42124876 59 6
59254537 59 6
12859530 60 6
16283587 60 6
44249707 60 6
23372076 60 6
52310192 60 6
37477672 60 6
11946241 60 6
46445111 60 6
54502745 60 6
59646819 60 6
36561331 60 6
18217722 60 6
52522197 60 6
58693021 60 6
47687718 60 6
49134133 60 6
59514406 60 6
43262726 60 6
47624962 60 6
41789643 60 6
51302867 60 6
23287657 60 6
53999424 60 6
42124876 60 6
59254537 60 6
12859530 61 6
16283587 61 6
44249707 61 6
23372076 61 6
52310192 61 6
37477672 61 6
11946241 61 6
46445111 61 6
54502745 61 6
59646819 61 6
36561331 61 6
18217722 61 6
52522197 61 6
58693021 61 6
47687718 61 6
49134133 61 6
59514406 61 6
43262726 61 6
47624962 61 6
41789643 61 6
51302867 61 6
23287657 61 6
53999424 61 6
42124876 61 6
59254537 61 6
12859530 62 6
16283587 62 6
44249707 62 6
23372076 62 6
52310192 62 6
37477672 62 6
11946241 62 6
46445111 62 6
54502745 62 6
59646819 62 6
36561331 62 6
18217722 62 6
52522197 62 6
58693021 62 6
47687718 62 6
49134133 62 6
59514406 62 6
43262726 62 6
47624962 62 6
41789643 62 6
51302867 62 6
23287657 62 6
53999424 62 6
42124876 62 6
59254537 62 6
15809760 56 7
42194924 56 7
25612446 56 7
32672455 56 7
28947303 56 7
41080091 56 7
34122082 56 7
41403382 56 7
27332175 56 7
35721718 56 7
28857809 56 7
51030771 56 7
49853844 56 7
42729492 56 7
45375822 56 7
34709246 56 7
54408662 56 7
53667192 56 7
31681679 56 7
33372789 56 7
31268059 56 7
14986741 56 7
57732230 56 7
56716938 56 7
38214475 56 7
15809760 57 7
42194924 57 7
25612446 57 7
32672455 57 7
28947303 57 7
41080091 57 7
34122082 57 7
41403382 57 7
27332175 57 7
35721718 57 7
28857809 57 7
51030771 57 7
49853844 57 7
42729492 57 7
45375822 57 7
34709246 57 7
54408662 57 7
53667192 57 7
31681679 57 7
33372789 57 7
31268059 57 7
14986741 57 7
57732230 57 7
56716938 57 7
38214475 57 7
15809760 58 7
42194924 58 7
25612446 58 7
32672455 58 7
28947303 58 7
41080091 58 7
34122082 58 7
41403382 58 7
27332175 58 7
35721718 58 7
28857809 58 7
51030771 58 7
49853844 58 7
42729492 58 7
45375822 58 7
34709246 58 7
54408662 58 7
53667192 58 7
31681679 58 7
33372789 58 7
31268059 58 7
14986741 58 7
57732230 58 7
56716938 58 7
38214475 58 7
15809760 59 7
42194924 59 7
25612446 59 7
32672455 59 7
28947303 59 7
41080091 59 7
34122082 59 7
41403382 59 7
27332175 59 7
35721718 59 7
28857809 59 7
51030771 59 7
49853844 59 7
42729492 59 7
45375822 59 7
34709246 59 7
54408662 59 7
53667192 59 7
31681679 59 7
33372789 59 7
31268059 59 7
14986741 59 7
57732230 59 7
56716938 59 7
38214475 59 7
15809760 60 7
42194924 60 7
25612446 60 7
32672455 60 7
28947303 60 7
41080091 60 7
34122082 60 7
41403382 60 7
27332175 60 7
35721718 60 7
28857809 60 7
51030771 60 7
49853844 60 7
42729492 60 7
45375822 60 7
34709246 60 7
54408662 60 7
53667192 60 7
31681679 60 7
33372789 60 7
31268059 60 7
14986741 60 7
57732230 60 7
56716938 60 7
38214475 60 7
15809760 61 7
42194924 61 7
25612446 61 7
32672455 61 7
28947303 61 7
41080091 61 7
34122082 61 7
41403382 61 7
27332175 61 7
35721718 61 7
28857809 61 7
51030771 61 7
49853844 61 7
42729492 61 7
45375822 61 7
34709246 61 7
54408662 61 7
53667192 61 7
31681679 61 7
33372789 61 7
31268059 61 7
14986741 61 7
57732230 61 7
56716938 61 7
38214475 61 7
15809760 62 7
42194924 62 7
25612446 62 7
32672455 62 7
28947303 62 7
41080091 62 7
34122082 62 7
41403382 62 7
27332175 62 7
35721718 62 7
28857809 62 7
51030771 62 7
49853844 62 7
42729492 62 7
45375822 62 7
34709246 62 7
54408662 62 7
53667192 62 7
31681679 62 7
33372789 62 7
31268059 62 7
14986741 62 7
57732230 62 7
56716938 62 7
38214475 62 7
42157156 56 8
52932950 56 8
52037792 56 8
14539938 56 8
25156701 56 8
13994676 56 8
29853989 56 8
51121633 56 8
54661280 56 8
18741658 56 8
51509411 56 8
55759947 56 8
34647624 56 8
33532208 56 8
54707523 56 8
31130783 56 8
56843987 56 8
31550492 56 8
34543632 56 8
23908560 56 8
34007959 56 8
44300836 56 8
32867092 56 8
47331525 56 8
55828899 56 8
42157156 57 8
52932950 57 8
52037792 57 8
14539938 57 8
25156701 57 8
13994676 57 8
29853989 57 8
51121633 57 8
54661280 57 8
18741658 57 8
51509411 57 8
55759947 57 8
34647624 57 8
33532208 57 8
54707523 57 8
31130783 57 8
56843987 57 8
31550492 57 8
34543632 57 8
23908560 57 8
34007959 57 8
44300836 57 8
32867092 57 8
47331525 57 8
55828899 57 8
42157156 58 8
52932950 58 8
52037792 58 8
14539938 58 8
25156701 58 8
13994676 58 8
29853989 58 8
51121633 58 8
54661280 58 8
18741658 58 8
51509411 58 8
55759947 58 8
34647624 58 8
33532208 58 8
54707523 58 8
31130783 58 8
56843987 58 8
31550492 58 8
34543632 58 8
23908560 58 8
34007959 58 8
44300836 58 8
32867092 58 8
47331525 58 8
55828899 58 8
42157156 59 8
52932950 59 8
52037792 59 8
14539938 59 8
25156701 59 8
13994676 59 8
29853989 59 8
51121633 59 8
54661280 59 8
18741658 59 8
51509411 59 8
55759947 59 8
34647624 59 8
33532208 59 8
54707523 59 8
31130783 59 8
56843987 59 8
31550492 59 8
34543632 59 8
23908560 59 8
34007959 59 8
44300836 59 8
32867092 59 8
47331525 59 8
55828899 59 8
42157156 60 8
52932950 60 8
52037792 60 8
14539938 60 8
25156701 60 8
13994676 60 8
29853989 60 8
51121633 60 8
54661280 60 8
18741658 60 8
51509411 60 8
55759947 60 8
34647624 60 8
33532208 60 8
54707523 60 8
31130783 60 8
56843987 60 8
31550492 60 8
34543632 60 8
23908560 60 8
34007959 60 8
44300836 60 8
32867092 60 8
47331525 60 8
55828899 60 8
42157156 61 8
52932950 61 8
52037792 61 8
14539938 61 8
25156701 61 8
13994676 61 8
29853989 61 8
51121633 61 8
54661280 61 8
18741658 61 8
51509411 61 8
55759947 61 8
34647624 61 8
33532208 61 8
54707523 61 8
31130783 61 8
56843987 61 8
31550492 61 8
34543632 61 8
23908560 61 8
34007959 61 8
44300836 61 8
32867092 61 8
47331525 61 8
55828899 61 8
42157156 62 8
52932950 62 8
52037792 62 8
14539938 62 8
25156701 62 8
13994676 62 8
29853989 62 8
51121633 62 8
54661280 62 8
18741658 62 8
51509411 62 8
55759947 62 8
34647624 62 8
33532208 62 8
54707523 62 8
31130783 62 8
56843987 62 8
31550492 62 8
34543632 62 8
23908560 62 8
34007959 62 8
44300836 62 8
32867092 62 8
47331525 62 8
55828899 62 8
55149823 56 9
39366766 56 9
35435460 56 9
43232727 56 9
33870537 56 9
39534848 56 9
26268288 56 9
15494963 56 9
57544403 56 9
42803159 56 9
42586325 56 9
46967115 56 9
43604097 56 9
15625205 56 9
15599539 56 9
17194652 56 9
21497878 56 9
27745695 56 9
43902619 56 9
56632475 56 9
35206245 56 9
43374688 56 9
35663750 56 9
16880719 56 9
43816763 56 9
55149823 57 9
39366766 57 9
35435460 57 9
43232727 57 9
33870537 57 9
39534848 57 9
26268288 57 9
15494963 57 9
57544403 57 9
42803159 57 9
42586325 57 9
46967115 57 9
43604097 57 9
15625205 57 9
15599539 57 9
17194652 57 9
21497878 57 9
27745695 57 9
43902619 57 9
56632475 57 9
35206245 57 9
43374688 57 9
35663750 57 9
16880719 57 9
43816763 57 9
55149823 58 9
39366766 58 9
35435460 58 9
43232727 58 9
33870537 58 9
39534848 58 9
26268288 58 9
15494963 58 9
57544403 58 9
42803159 58 9
42586325 58 9
46967115 58 9
43604097 58 9
15625205 58 9
15599539 58 9
17194652 58 9
21497878 58 9
27745695 58 9
43902619 58 9
56632475 58 9
35206245 58 9
43374688 58 9
35663750 58 9
16880719 58 9
43816763 58 9
55149823 59 9
39366766 59 9
35435460 59 9
43232727 59 9
33870537 59 9
39534848 59 9
26268288 59 9
15494963 59 9
57544403 59 9
42803159 59 9
42586325 59 9
46967115 59 9
43604097 59 9
15625205 59 9
15599539 59 9
17194652 59 9
21497878 59 9
27745695 59 9
43902619 59 9
56632475 59 9
35206245 59 9
43374688 59 9
35663750 59 9
16880719 59 9
43816763 59 9
55149823 60 9
39366766 60 9
35435460 60 9
43232727 60 9
33870537 60 9
39534848 60 9
26268288 60 9
15494963 60 9
57544403 60 9
42803159 60 9
42586325 60 9
46967115 60 9
43604097 60 9
15625205 60 9
15599539 60 9
17194652 60 9
21497878 60 9
27745695 60 9
43902619 60 9
56632475 60 9
35206245 60 9
43374688 60 9
35663750 60 9
16880719 60 9
43816763 60 9
55149823 61 9
39366766 61 9
35435460 61 9
43232727 61 9
33870537 61 9
39534848 61 9
26268288 61 9
15494963 61 9
57544403 61 9
42803159 61 9
42586325 61 9
46967115 61 9
43604097 61 9
15625205 61 9
15599539 61 9
17194652 61 9
21497878 61 9
27745695 61 9
43902619 61 9
56632475 61 9
35206245 61 9
43374688 61 9
35663750 61 9
16880719 61 9
43816763 61 9
55149823 62 9
39366766 62 9
35435460 62 9
43232727 62 9
33870537 62 9
39534848 62 9
26268288 62 9
15494963 62 9
57544403 62 9
42803159 62 9
42586325 62 9
46967115 62 9
43604097 62 9
15625205 62 9
15599539 62 9
17194652 62 9
21497878 62 9
27745695 62 9
43902619 62 9
56632475 62 9
35206245 62 9
43374688 62 9
35663750 62 9
16880719 62 9
43816763 62 9
53061152 56 10
15299191 56 10
55729255 56 10
23602491 56 10
32743446 56 10
33651810 56 10
34046402 56 10
48801373 56 10
46917427 56 10
18178669 56 10
48014560 56 10
33641845 56 10
16303290 56 10
27467483 56 10
35964590 56 10
43767798 56 10
29348607 56 10
29502746 56 10
15046720 56 10
27641506 56 10
12127476 56 10
58366169 56 10
14694063 56 10
28691477 56 10
51960784 56 10
53061152 57 10
15299191 57 10
55729255 57 10
23602491 57 10
32743446 57 10
33651810 57 10
34046402 57 10
48801373 57 10
46917427 57 10
18178669 57 10
48014560 57 10
33641845 57 10
16303290 57 10
27467483 57 10
35964590 57 10
43767798 57 10
29348607 57 10
29502746 57 10
15046720 57 10
27641506 57 10
12127476 57 10
58366169 57 10
14694063 57 10
28691477 57 10
51960784 57 10
53061152 58 10
15299191 58 10
55729255 58 10
23602491 58 10
32743446 58 10
33651810 58 10
34046402 58 10
48801373 58 10
46917427 58 10
18178669 58 10
48014560 58 10
33641845 58 10
16303290 58 10
27467483 58 10
35964590 58 10
43767798 58 10
29348607 58 10
29502746 58 10
15046720 58 10
27641506 58 10
12127476 58 10
58366169 58 10
14694063 58 10
28691477 58 10
51960784 58 10
53061152 59 10
15299191 59 10
55729255 59 10
23602491 59 10
32743446 59 10
33651810 59 10
34046402 59 10
48801373 59 10
46917427 59 10
18178669 59 10
48014560 59 10
33641845 59 10
16303290 59 10
27467483 59 10
35964590 59 10
43767798 59 10
29348607 59 10
29502746 59 10
15046720 59 10
27641506 59 10
12127476 59 10
58366169 59 10
14694063 59 10
28691477 59 10
51960784 59 10
53061152 60 10
15299191 60 10
55729255 60 10
23602491 60 10
32743446 60 10
33651810 60 10
34046402 60 10
48801373 60 10
46917427 60 10
18178669 60 10
48014560 60 10
33641845 60 10
16303290 60 10
27467483 60 10
35964590 60 10
43767798 60 10
29348607 60 10
29502746 60 10
15046720 60 10
27641506 60 10
12127476 60 10
58366169 60 10
14694063 60 10
28691477 60 10
51960784 60 10
53061152 61 10
15299191 61 10
55729255 61 10
23602491 61 10
32743446 61 10
33651810 61 10
34046402 61 10
48801373 61 10
46917427 61 10
18178669 61 10
48014560 61 10
33641845 61 10
16303290 61 10
27467483 61 10
35964590 61 10
43767798 61 10
29348607 61 10
29502746 61 10
15046720 61 10
27641506 61 10
12127476 61 10
58366169 61 10
14694063 61 10
28691477 61 10
51960784 61 10
53061152 62 10
15299191 62 10
55729255 62 10
23602491 62 10
32743446 62 10
33651810 62 10
34046402 62 10
48801373 62 10
46917427 62 10
18178669 62 10
48014560 62 10
33641845 62 10
16303290 62 10
27467483 62 10
35964590 62 10
43767798 62 10
29348607 62 10
29502746 62 10
15046720 62 10
27641506 62 10
12127476 62 10
58366169 62 10
14694063 62 10
28691477 62 10
51960784 62 10
32228735 56 11
11186112 56 11
42110281 56 11
27280017 56 11
13089976 56 11
47811767 56 11
22063644 56 11
58132427 56 11
55154371 56 11
14717778 56 11
22879443 56 11
15152785 56 11
46672190 56 11
57940386 56 11
21261279 56 11
14648519 56 11
43492688 56 11
57091230 56 11
33088097 56 11
23019945 56 11
22896986 56 11
26012978 56 11
35415743 56 11
48792253 56 11
16714314 56 11
32228735 57 11
11186112 57 11
42110281 57 11
27280017 57 11
13089976 57 11
47811767 57 11
22063644 57 11
58132427 57 11
55154371 57 11
14717778 57 11
22879443 57 11
15152785 57 11
46672190 57 11
57940386 57 11
21261279 57 11
14648519 57 11
43492688 57 11
57091230 57 11
33088097 57 11
23019945 57 11
22896986 57 11
26012978 57 11
35415743 57 11
48792253 57 11
16714314 57 11
32228735 58 11
11186112 58 11
42110281 58 11
27280017 58 11
13089976 58 11
47811767 58 11
22063644 58 11
58132427 58 11
55154371 58 11
14717778 58 11
22879443 58 11
15152785 58 11
46672190 58 11
57940386 58 11
21261279 58 11
14648519 58 11
43492688 58 11
57091230 58 11
33088097 58 11
23019945 58 11
22896986 58 11
26012978 58 11
35415743 58 11
48792253 58 11
16714314 58 11
32228735 59 11
11186112 59 11
42110281 59 11
27280017 59 11
13089976 59 11
47811767 59 11
22063644 59 11
58132427 59 11
55154371 59 11
14717778 59 11
22879443 59 11
15152785 59 11
46672190 59 11
57940386 59 11
21261279 59 11
14648519 59 11
43492688 59 11
57091230 59 11
33088097 59 11
23019945 59 11
22896986 59 11
26012978 59 11
35415743 59 11
48792253 59 11
16714314 59 11
32228735 60 11
11186112 60 11
42110281 60 11
27280017 60 11
13089976 60 11
47811767 60 11
22063644 60 11
58132427 60 11
55154371 60 11
14717778 60 11
22879443 60 11
15152785 60 11
46672190 60 11
57940386 60 11
21261279 60 11
14648519 60 11
43492688 60 11
57091230 60 11
33088097 60 11
23019945 60 11
22896986 60 11
26012978 60 11
35415743 60 11
48792253 60 11
16714314 60 11
32228735 61 11
11186112 61 11
42110281 61 11
27280017 61 11
13089976 61 11
47811767 61 11
22063644 61 11
58132427 61 11
55154371 61 11
14717778 61 11
22879443 61 11
15152785 61 11
46672190 61 11
57940386 61 11
21261279 61 11
14648519 61 11
43492688 61 11
57091230 61 11
33088097 61 11
23019945 61 11
22896986 61 11
26012978 61 11
35415743 61 11
48792253 61 11
16714314 61 11
32228735 62 11
11186112 62 11
42110281 62 11
27280017 62 11
13089976 62 11
47811767 62 11
22063644 62 11
58132427 62 11
55154371 62 11
14717778 62 11
22879443 62 11
15152785 62 11
46672190 62 11
57940386 62 11
21261279 62 11
14648519 62 11
43492688 62 11
57091230 62 11
33088097 62 11
23019945 62 11
22896986 62 11
26012978 62 11
35415743 62 11
48792253 62 11
16714314 62 11
45280293 56 12
15019535 56 12
39469419 56 12
33583003 56 12
28096293 56 12
43908936 56 12
46840034 56 12
38812112 56 12
33995676 56 12
14465791 56 12
51903211 56 12
36347329 56 12
11501097 56 12
31621035 56 12
11834323 56 12
38818473 56 12
34746503 56 12
23265904 56 12
57545667 56 12
14915495 56 12
12712889 56 12
17475678 56 12
34399734 56 12
29459941 56 12
16206018 56 12
45280293 57 12
15019535 57 12
39469419 57 12
33583003 57 12
28096293 57 12
43908936 57 12
46840034 57 12
38812112 57 12
33995676 57 12
14465791 57 12
51903211 57 12
36347329 57 12
11501097 57 12
31621035 57 12
11834323 57 12
38818473 57 12
34746503 57 12
23265904 57 12
57545667 57 12
14915495 57 12
12712889 57 12
17475678 57 12
34399734 57 12
29459941 57 12
16206018 57 12
45280293 58 12
15019535 58 12
39469419 58 12
33583003 58 12
28096293 58 12
43908936 58 12
46840034 58 12
38812112 58 12
33995676 58 12
14465791 58 12
51903211 58 12
36347329 58 12
11501097 58 12
31621035 58 12
11834323 58 12
38818473 58 12
34746503 58 12
23265904 58 12
57545667 58 12
14915495 58 12
12712889 58 12
17475678 58 12
34399734 58 12
29459941 58 12
16206018 58 12
45280293 59 12
15019535 59 12
39469419 59 12
33583003 59 12
28096293 59 12
43908936 59 12
46840034 59 12
38812112 59 12
33995676 59 12
14465791 59 12
51903211 59 12
36347329 59 12
11501097 59 12
31621035 59 12
11834323 59 12
38818473 59 12
34746503 59 12
23265904 59 12
57545667 59 12
14915495 59 12
12712889 59 12
17475678 59 12
34399734 59 12
29459941 59 12
16206018 59 12
45280293 60 12
15019535 60 12
39469419 60 12
33583003 60 12
28096293 60 12
43908936 60 12
46840034 60 12
38812112 60 12
33995676 60 12
14465791 60 12
51903211 60 12
36347329 60 12
11501097 60 12
31621035 60 12
11834323 60 12
38818473 60 12
34746503 60 12
23265904 60 12
57545667 60 12
14915495 60 12
12712889 60 12
17475678 60 12
34399734 60 12
29459941 60 12
16206018 60 12
45280293 61 12
15019535 61 12
39469419 61 12
33583003 61 12
28096293 61 12
43908936 61 12
46840034 61 12
38812112 61 12
33995676 61 12
14465791 61 12
51903211 61 12
36347329 61 12
11501097 61 12
31621035 61 12
11834323 61 12
38818473 61 12
34746503 61 12
23265904 61 12
57545667 61 12
14915495 61 12
12712889 61 12
17475678 61 12
34399734 61 12
29459941 61 12
16206018 61 12
45280293 62 12
15019535 62 12
39469419 62 12
33583003 62 12
28096293 62 12
43908936 62 12
46840034 62 12
38812112 62 12
33995676 62 12
14465791 62 12
51903211 62 12
36347329 62 12
11501097 62 12
31621035 62 12
11834323 62 12
38818473 62 12
34746503 62 12
23265904 62 12
57545667 62 12
14915495 62 12
12712889 62 12
17475678 62 12
34399734 62 12
29459941 62 12
16206018 62 12
36329478 56 13
32971623 56 13
28788991 56 13
18234970 56 13
21875690 56 13
12480030 56 13
51428671 56 13
58087828 56 13
51652874 56 13
13880982 56 13
35693204 56 13
37487982 56 13
49212868 56 13
41474531 56 13
31670569 56 13
34437730 56 13
25448172 56 13
56923369 56 13
25191355 56 13
42966173 56 13
38228634 56 13
28544234 56 13
26648036 56 13
31245017 56 13
32748333 56 13
36329478 57 13
32971623 57 13
28788991 57 13
18234970 57 13
21875690 57 13
12480030 57 13
51428671 57 13
58087828 57 13
51652874 57 13
13880982 57 13
35693204 57 13
37487982 57 13
49212868 57 13
41474531 57 13
31670569 57 13
34437730 57 13
25448172 57 13
56923369 57 13
25191355 57 13
42966173 57 13
38228634 57 13
28544234 57 13
26648036 57 13
31245017 57 13
32748333 57 13
36329478 58 13
32971623 58 13
28788991 58 13
18234970 58 13
21875690 58 13
12480030 58 13
51428671 58 13
58087828 58 13
51652874 58 13
13880982 58 13
35693204 58 13
37487982 58 13
49212868 58 13
41474531 58 13
31670569 58 13
34437730 58 13
25448172 58 13
56923369 58 13
25191355 58 13
42966173 58 13
38228634 58 13
28544234 58 13
26648036 58 13
31245017 58 13
32748333 58 13
36329478 59 13
32971623 59 13
28788991 59 13
18234970 59 13
21875690 59 13
12480030 59 13
51428671 59 13
58087828 59 13
51652874 59 13
13880982 59 13
35693204 59 13
37487982 59 13
49212868 59 13
41474531 59 13
31670569 59 13
34437730 59 13
25448172 59 13
56923369 59 13
25191355 59 13
42966173 59 13
38228634 59 13
28544234 59 13
26648036 59 13
31245017 59 13
32748333 59 13
36329478 60 13
32971623 60 13
28788991 60 13
18234970 60 13
21875690 60 13
12480030 60 13
51428671 60 13
58087828 60 13
51652874 60 13
13880982 60 13
35693204 60 13
37487982 60 13
49212868 60 13
41474531 60 13
31670569 60 13
34437730 60 13
25448172 60 13
56923369 60 13
25191355 60 13
42966173 60 13
38228634 60 13
28544234 60 13
26648036 60 13
31245017 60 13
32748333 60 13
36329478 61 13
32971623 61 13
28788991 61 13
18234970 61 13
21875690 61 13
12480030 61 13
51428671 61 13
58087828 61 13
51652874 61 13
13880982 61 13
35693204 61 13
37487982 61 13
49212868 61 13
41474531 61 13
31670569 61 13
34437730 61 13
25448172 61 13
56923369 61 13
25191355 61 13
42966173 61 13
38228634 61 13
28544234 61 13
26648036 61 13
31245017 61 13
32748333 61 13
36329478 62 13
32971623 62 13
28788991 62 13
18234970 62 13
21875690 62 13
12480030 62 13
51428671 62 13
58087828 62 13
51652874 62 13
13880982 62 13
35693204 62 13
37487982 62 13
49212868 62 13
41474531 62 13
31670569 62 13
34437730 62 13
25448172 62 13
56923369 62 13
25191355 62 13
42966173 62 13
38228634 62 13
28544234 62 13
26648036 62 13
31245017 62 13
32748333 62 13
23080718 56 14
21723366 56 14
46178069 56 14
22128440 56 14
55895804 56 14
51168241 56 14
51956763 56 14
32471225 56 14
24307264 56 14
56823094 56 14
23818044 56 14
13330733 56 14
43467651 56 14
45826047 56 14
37526512 56 14
24508381 56 14
29724891 56 14
44489587 56 14
44260484 56 14
34538792 56 14
55523291 56 14
17888825 56 14
37797709 56 14
18846854 56 14
13653088 56 14
23080718 57 14
21723366 57 14
46178069 57 14
22128440 57 14
55895804 57 14
51168241 57 14
51956763 57 14
32471225 57 14
24307264 57 14
56823094 57 14
23818044 57 14
13330733 57 14
43467651 57 14
45826047 57 14
37526512 57 14
24508381 57 14
29724891 57 14
44489587 57 14
44260484 57 14
34538792 57 14
55523291 57 14
17888825 57 14
37797709 57 14
18846854 57 14
13653088 57 14
23080718 58 14
21723366 58 14
46178069 58 14
22128440 58 14
55895804 58 14
51168241 58 14
51956763 58 14
32471225 58 14
24307264 58 14
56823094 58 14
23818044 58 14
13330733 58 14
43467651 58 14
45826047 58 14
37526512 58 14
24508381 58 14
29724891 58 14
44489587 58 14
44260484 58 14
34538792 58 14
55523291 58 14
17888825 58 14
37797709 58 14
18846854 58 14
13653088 58 14
23080718 59 14
21723366 59 14
46178069 59 14
22128440 59 14
55895804 59 14
51168241 59 14
51956763 59 14
32471225 59 14
24307264 59 14
56823094 59 14
23818044 59 14
13330733 59 14
43467651 59 14
45826047 59 14
37526512 59 14
24508381 59 14
29724891 59 14
44489587 59 14
44260484 59 14
34538792 59 14
55523291 59 14
17888825 59 14
37797709 59 14
18846854 59 14
13653088 59 14
23080718 60 14
21723366 60 14
46178069 60 14
22128440 60 14
55895804 60 14
51168241 60 14
51956763 60 14
32471225 60 14
24307264 60 14
56823094 60 14
23818044 60 14
13330733 60 14
43467651 60 14
45826047 60 14
37526512 60 14
24508381 60 14
29724891 60 14
44489587 60 14
44260484 60 14
34538792 60 14
55523291 60 14
17888825 60 14
37797709 60 14
18846854 60 14
13653088 60 14
23080718 61 14
21723366 61 14
46178069 61 14
22128440 61 14
55895804 61 14
51168241 61 14
51956763 61 14
32471225 61 14
24307264 61 14
56823094 61 14
23818044 61 14
13330733 61 14
43467651 61 14
45826047 61 14
37526512 61 14
24508381 61 14
29724891 61 14
44489587 61 14
44260484 61 14
34538792 61 14
55523291 61 14
17888825 61 14
37797709 61 14
18846854 61 14
13653088 61 14
23080718 62 14
21723366 62 14
46178069 62 14
22128440 62 14
55895804 62 14
51168241 62 14
51956763 62 14
32471225 62 14
24307264 62 14
56823094 62 14
23818044 62 14
13330733 62 14
43467651 62 14
45826047 62 14
37526512 62 14
24508381 62 14
29724891 62 14
44489587 62 14
44260484 62 14
34538792 62 14
55523291 62 14
17888825 62 14
37797709 62 14
18846854 62 14
13653088 62 14
47178781 56 15
53200778 56 15
36017396 56 15
41940229 56 15
11696999 56 15
24553295 56 15
28703486 56 15
49431927 56 15
19497185 56 15
21937579 56 15
49634713 56 15
56101892 56 15
18516326 56 15
36380759 56 15
32417328 56 15
35787798 56 15
51878420 56 15
26428531 56 15
45371826 56 15
43926047 56 15
36955348 56 15
54152805 56 15
14889008 56 15
48881189 56 15
32430207 56 15
47178781 57 15
53200778 57 15
36017396 57 15
41940229 57 15
11696999 57 15
24553295 57 15
28703486 57 15
49431927 57 15
19497185 57 15
21937579 57 15
49634713 57 15
56101892 57 15
18516326 57 15
36380759 57 15
32417328 57 15
35787798 57 15
51878420 57 15
26428531 57 15
45371826 57 15
43926047 57 15
36955348 57 15
54152805 57 15
14889008 57 15
48881189 57 15
32430207 57 15
47178781 58 15
53200778 58 15
36017396 58 15
41940229 58 15
11696999 58 15
24553295 58 15
28703486 58 15
49431927 58 15
19497185 58 15
21937579 58 15
49634713 58 15
56101892 58 15
18516326 58 15
36380759 58 15
32417328 58 15
35787798 58 15
51878420 58 15
26428531 58 15
45371826 58 15
43926047 58 15
36955348 58 15
54152805 58 15
14889008 58 15
48881189 58 15
32430207 58 15
47178781 59 15
53200778 59 15
36017396 59 15
41940229 59 15
11696999 59 15
24553295 59 15
28703486 59 15
49431927 59 15
19497185 59 15
21937579 59 15
49634713 59 15
56101892 59 15
18516326 59 15
36380759 59 15
32417328 59 15
35787798 59 15
51878420 59 15
26428531 59 15
45371826 59 15
43926047 59 15
36955348 59 15
54152805 59 15
14889008 59 15
48881189 59 15
32430207 59 15
47178781 60 15
53200778 60 15
36017396 60 15
41940229 60 15
11696999 60 15
24553295 60 15
28703486 60 15
49431927 60 15
19497185 60 15
21937579 60 15
49634713 60 15
56101892 60 15
18516326 60 15
36380759 60 15
32417328 60 15
35787798 60 15
51878420 60 15
26428531 60 15
45371826 60 15
43926047 60 15
36955348 60 15
54152805 60 15
14889008 60 15
48881189 60 15
32430207 60 15
47178781 61 15
53200778 61 15
36017396 61 15
41940229 61 15
11696999 61 15
24553295 61 15
28703486 61 15
49431927 61 15
19497185 61 15
21937579 61 15
49634713 61 15
56101892 61 15
18516326 61 15
36380759 61 15
32417328 61 15
35787798 61 15
51878420 61 15
26428531 61 15
45371826 61 15
43926047 61 15
36955348 61 15
54152805 61 15
14889008 61 15
48881189 61 15
32430207 61 15
47178781 62 15
53200778 62 15
36017396 62 15
41940229 62 15
11696999 62 15
24553295 62 15
28703486 62 15
49431927 62 15
19497185 62 15
21937579 62 15
49634713 62 15
56101892 62 15
18516326 62 15
36380759 62 15
32417328 62 15
35787798 62 15
51878420 62 15
26428531 62 15
45371826 62 15
43926047 62 15
36955348 62 15
54152805 62 15
14889008 62 15
48881189 62 15
32430207 62 15
15759359 56 16
11476999 56 16
26927656 56 16
41785863 56 16
56846503 56 16
21737757 56 16
19984538 56 16
13507974 56 16
36717550 56 16
13839717 56 16
19334729 56 16
34185941 56 16
27853517 56 16
47966770 56 16
17246174 56 16
33440615 56 16
48737772 56 16
36574637 56 16
44736100 56 16
18447838 56 16
16859584 56 16
28916065 56 16
45474820 56 16
49087417 56 16
34128014 56 16
15759359 57 16
11476999 57 16
26927656 57 16
41785863 57 16
56846503 57 16
21737757 57 16
19984538 57 16
13507974 57 16
36717550 57 16
13839717 57 16
19334729 57 16
34185941 57 16
27853517 57 16
47966770 57 16
17246174 57 16
33440615 57 16
48737772 57 16
36574637 57 16
44736100 57 16
18447838 57 16
16859584 57 16
28916065 57 16
45474820 57 16
49087417 57 16
34128014 57 16
15759359 58 16
11476999 58 16
26927656 58 16
41785863 58 16
56846503 58 16
21737757 58 16
19984538 58 16
13507974 58 16
36717550 58 16
13839717 58 16
19334729 58 16
34185941 58 16
27853517 58 16
47966770 58 16
17246174 58 16
33440615 58 16
48737772 58 16
36574637 58 16
44736100 58 16
18447838 58 16
16859584 58 16
28916065 58 16
45474820 58 16
49087417 58 16
34128014 58 16
15759359 59 16
11476999 59 16
26927656 59 16
41785863 59 16
56846503 59 16
21737757 59 16
19984538 59 16
13507974 59 16
36717550 59 16
13839717 59 16
19334729 59 16
34185941 59 16
27853517 59 16
47966770 59 16
17246174 59 16
33440615 59 16
48737772 59 16
36574637 59 16
44736100 59 16
18447838 59 16
16859584 59 16
28916065 59 16
45474820 59 16
49087417 59 16
34128014 59 16
15759359 60 16
11476999 60 16
26927656 60 16
41785863 60 16
56846503 60 16
21737757 60 16
19984538 60 16
13507974 60 16
36717550 60 16
13839717 60 16
19334729 60 16
34185941 60 16
27853517 60 16
47966770 60 16
17246174 60 16
33440615 60 16
48737772 60 16
36574637 60 16
44736100 60 16
18447838 60 16
16859584 60 16
28916065 60 16
45474820 60 16
49087417 60 16
34128014 60 16
15759359 61 16
11476999 61 16
26927656 61 16
41785863 61 16
56846503 61 16
21737757 61 16
19984538 61 16
13507974 61 16
36717550 61 16
13839717 61 16
19334729 61 16
34185941 61 16
27853517 61 16
47966770 61 16
17246174 61 16
33440615 61 16
48737772 61 16
36574637 61 16
44736100 61 16
18447838 61 16
16859584 61 16
28916065 61 16
45474820 61 16
49087417 61 16
34128014 61 16
15759359 62 16
11476999 62 16
26927656 62 16
41785863 62 16
56846503 62 16
21737757 62 16
19984538 62 16
13507974 62 16
36717550 62 16
13839717 62 16
19334729 62 16
34185941 62 16
27853517 62 16
47966770 62 16
17246174 62 16
33440615 62 16
48737772 62 16
36574637 62 16
44736100 62 16
18447838 62 16
16859584 62 16
28916065 62 16
45474820 62 16
49087417 62 16
34128014 62 16
27214551 56 17
43784009 56 17
49307118 56 17
57404073 56 17
37483613 56 17
43566552 56 17
46774918 56 17
21961461 56 17
51651870 56 17
14821484 56 17
25076341 56 17
55994501 56 17
37252729 56 17
21807910 56 17
36622357 56 17
25248297 56 17
46315483 56 17
29140526 56 17
41101510 56 17
54360951 56 17
22617487 56 17
45181524 56 17
42793499 56 17
39821742 56 17
17567910 56 17
27214551 57 17
43784009 57 17
49307118 57 17
57404073 57 17
37483613 57 17
43566552 57 17
46774918 57 17
21961461 57 17
51651870 57 17
14821484 57 17
25076341 57 17
55994501 57 17
37252729 57 17
21807910 57 17
36622357 57 17
25248297 57 17
46315483 57 17
29140526 57 17
41101510 57 17
54360951 57 17
22617487 57 17
45181524 57 17
42793499 57 17
39821742 57 17
17567910 57 17
27214551 58 17
43784009 58 17
49307118 58 17
57404073 58 17
37483613 58 17
43566552 58 17
46774918 58 17
21961461 58 17
51651870 58 17
14821484 58 17
25076341 58 17
55994501 58 17
37252729 58 17
21807910 58 17
36622357 58 17
25248297 58 17
46315483 58 17
29140526 58 17
41101510 58 17
54360951 58 17
22617487 58 17
45181524 58 17
42793499 58 17
39821742 58 17
17567910 58 17
27214551 59 17
43784009 59 17
49307118 59 17
57404073 59 17
37483613 59 17
43566552 59 17
46774918 59 17
21961461 59 17
51651870 59 17
14821484 59 17
25076341 59 17
55994501 59 17
37252729 59 17
21807910 59 17
36622357 59 17
25248297 59 17
46315483 59 17
29140526 59 17
41101510 59 17
54360951 59 17
22617487 59 17
45181524 59 17
42793499 59 17
39821742 59 17
17567910 59 17
27214551 60 17
43784009 60 17
49307118 60 17
57404073 60 17
37483613 60 17
43566552 60 17
46774918 60 17
21961461 60 17
51651870 60 17
14821484 60 17
25076341 60 17
55994501 60 17
37252729 60 17
21807910 60 17
36622357 60 17
25248297 60 17
46315483 60 17
29140526 60 17
41101510 60 17
54360951 60 17
22617487 60 17
45181524 60 17
42793499 60 17
39821742 60 17
17567910 60 17
27214551 61 17
43784009 61 17
49307118 61 17
57404073 61 17
37483613 61 17
43566552 61 17
46774918 61 17
21961461 61 17
51651870 61 17
14821484 61 17
25076341 61 17
55994501 61 17
37252729 61 17
21807910 61 17
36622357 61 17
25248297 61 17
46315483 61 17
29140526 61 17
41101510 61 17
54360951 61 17
22617487 61 17
45181524 61 17
42793499 61 17
39821742 61 17
17567910 61 17
27214551 62 17
43784009 62 17
49307118 62 17
57404073 62 17
37483613 62 17
43566552 62 17
46774918 62 17
21961461 62 17
51651870 62 17
14821484 62 17
25076341 62 17
55994501 62 17
37252729 62 17
21807910 62 17
36622357 62 17
25248297 62 17
46315483 62 17
29140526 62 17
41101510 62 17
54360951 62 17
22617487 62 17
45181524 62 17
42793499 62 17
39821742 62 17
17567910 62 17
58893865 56 18
49201441 56 18
46858380 56 18
36390150 56 18
45558349 56 18
14005513 56 18
16900892 56 18
38563654 56 18
19233789 56 18
13077022 56 18
37651187 56 18
49249116 56 18
18385335 56 18
55114090 56 18
51592642 56 18
49583007 56 18
13926902 56 18
13920475 56 18
44376740 56 18
42209703 56 18
38274702 56 18
52299338 56 18
38127440 56 18
41121221 56 18
36033863 56 18
58893865 57 18
49201441 57 18
46858380 57 18
36390150 57 18
45558349 57 18
14005513 57 18
16900892 57 18
38563654 57 18
19233789 57 18
13077022 57 18
37651187 57 18
49249116 57 18
18385335 57 18
55114090 57 18
51592642 57 18
49583007 57 18
13926902 57 18
13920475 57 18
44376740 57 18
42209703 57 18
38274702 57 18
52299338 57 18
38127440 57 18
41121221 57 18
36033863 57 18
58893865 58 18
49201441 58 18
46858380 58 18
36390150 58 18
45558349 58 18
14005513 58 18
16900892 58 18
38563654 58 18
19233789 58 18
13077022 58 18
37651187 58 18
49249116 58 18
18385335 58 18
55114090 58 18
51592642 58 18
49583007 58 18
13926902 58 18
13920475 58 18
44376740 58 18
42209703 58 18
38274702 58 18
52299338 58 18
38127440 58 18
41121221 58 18
36033863 58 18
58893865 59 18
49201441 59 18
46858380 59 18
36390150 59 18
45558349 59 18
14005513 59 18
16900892 59 18
38563654 59 18
19233789 59 18
13077022 59 18
37651187 59 18
49249116 59 18
18385335 59 18
55114090 59 18
51592642 59 18
49583007 59 18
13926902 59 18
13920475 59 18
44376740 59 18
42209703 59 18
38274702 59 18
52299338 59 18
38127440 59 18
41121221 59 18
36033863 59 18
58893865 60 18
49201441 60 18
46858380 60 18
36390150 60 18
45558349 60 18
14005513 60 18
16900892 60 18
38563654 60 18
19233789 60 18
13077022 60 18
37651187 60 18
49249116 60 18
18385335 60 18
55114090 60 18
51592642 60 18
49583007 60 18
13926902 60 18
13920475 60 18
44376740 60 18
42209703 60 18
38274702 60 18
52299338 60 18
38127440 60 18
41121221 60 18
36033863 60 18
58893865 61 18
49201441 61 18
46858380 61 18
36390150 61 18
45558349 61 18
14005513 61 18
16900892 61 18
38563654 61 18
19233789 61 18
13077022 61 18
37651187 61 18
49249116 61 18
18385335 61 18
55114090 61 18
51592642 61 18
49583007 61 18
13926902 61 18
13920475 61 18
44376740 61 18
42209703 61 18
38274702 61 18
52299338 61 18
38127440 61 18
41121221 61 18
36033863 61 18
58893865 62 18
49201441 62 18
46858380 62 18
36390150 62 18
45558349 62 18
14005513 62 18
16900892 62 18
38563654 62 18
19233789 62 18
13077022 62 18
37651187 62 18
49249116 62 18
18385335 62 18
55114090 62 18
51592642 62 18
49583007 62 18
13926902 62 18
13920475 62 18
44376740 62 18
42209703 62 18
38274702 62 18
52299338 62 18
38127440 62 18
41121221 62 18
36033863 62 18
15282435 56 19
26815750 56 19
41966360 56 19
54157322 56 19
35168590 56 19
33292313 56 19
17170252 56 19
37079387 56 19
15076365 56 19
21518319 56 19
36080612 56 19
54210186 56 19
42542270 56 19
25932062 56 19
27581910 56 19
41163475 56 19
27435602 56 19
23577876 56 19
48856174 56 19
27618765 56 19
42080092 56 19
51492098 56 19
31568908 56 19
38986622 56 19
52592085 56 19
15282435 57 19
26815750 57 19
41966360 57 19
54157322 57 19
35168590 57 19
33292313 57 19
17170252 57 19
37079387 57 19
15076365 57 19
21518319 57 19
36080612 57 19
54210186 57 19
42542270 57 19
25932062 57 19
27581910 57 19
41163475 57 19
27435602 57 19
23577876 57 19
48856174 57 19
27618765 57 19
42080092 57 19
51492098 57 19
31568908 57 19
38986622 57 19
52592085 57 19
15282435 58 19
26815750 58 19
41966360 58 19
54157322 58 19
35168590 58 19
33292313 58 19
17170252 58 19
37079387 58 19
15076365 58 19
21518319 58 19
36080612 58 19
54210186 58 19
42542270 58 19
25932062 58 19
27581910 58 19
41163475 58 19
27435602 58 19
23577876 58 19
48856174 58 19
27618765 58 19
42080092 58 19
51492098 58 19
31568908 58 19
38986622 58 19
52592085 58 19
15282435 59 19
26815750 59 19
41966360 59 19
54157322 59 19
35168590 59 19
33292313 59 19
17170252 59 19
37079387 59 19
15076365 59 19
21518319 59 19
36080612 59 19
54210186 59 19
42542270 59 19
25932062 59 19
27581910 59 19
41163475 59 19
27435602 59 19
23577876 59 19
48856174 59 19
27618765 59 19
42080092 59 19
51492098 59 19
31568908 59 19
38986622 59 19
52592085 59 19
15282435 60 19
26815750 60 19
41966360 60 19
54157322 60 19
35168590 60 19
33292313 60 19
17170252 60 19
37079387 60 19
15076365 60 19
21518319 60 19
36080612 60 19
54210186 60 19
42542270 60 19
25932062 60 19
27581910 60 19
41163475 60 19
27435602 60 19
23577876 60 19
48856174 60 19
27618765 60 19
42080092 60 19
51492098 60 19
31568908 60 19
38986622 60 19
52592085 60 19
15282435 61 19
26815750 61 19
41966360 61 19
54157322 61 19
35168590 61 19
33292313 61 19
17170252 61 19
37079387 61 19
15076365 61 19
21518319 61 19
36080612 61 19
54210186 61 19
42542270 61 19
25932062 61 19
27581910 61 19
41163475 61 19
27435602 61 19
23577876 61 19
48856174 61 19
27618765 61 19
42080092 61 19
51492098 61 19
31568908 61 19
38986622 61 19
52592085 61 19
15282435 62 19
26815750 62 19
41966360 62 19
54157322 62 19
35168590 62 19
33292313 62 19
17170252 62 19
37079387 62 19
15076365 62 19
21518319 62 19
36080612 62 19
54210186 62 19
42542270 62 19
25932062 62 19
27581910 62 19
41163475 62 19
27435602 62 19
23577876 62 19
48856174 62 19
27618765 62 19
42080092 62 19
51492098 62 19
31568908 62 19
38986622 62 19
52592085 62 19
53317141 56 20
35815183 56 20
28266674 56 20
48296776 56 20
28433310 56 20
17044229 56 20
15733058 56 20
19938943 56 20
52785232 56 20
11385974 56 20
13920384 56 20
28641654 56 20
43676375 56 20
39586960 56 20
18556196 56 20
43747883 56 20
44863977 56 20
31412214 56 20
43596909 56 20
36513889 56 20
48290415 56 20
57271670 56 20
18693063 56 20
31156454 56 20
54055297 56 20
53317141 57 20
35815183 57 20
28266674 57 20
48296776 57 20
28433310 57 20
17044229 57 20
15733058 57 20
19938943 57 20
52785232 57 20
11385974 57 20
13920384 57 20
28641654 57 20
43676375 57 20
39586960 57 20
18556196 57 20
43747883 57 20
44863977 57 20
31412214 57 20
43596909 57 20
36513889 57 20
48290415 57 20
57271670 57 20
18693063 57 20
31156454 57 20
54055297 57 20
53317141 58 20
35815183 58 20
28266674 58 20
48296776 58 20
28433310 58 20
17044229 58 20
15733058 58 20
19938943 58 20
52785232 58 20
11385974 58 20
13920384 58 20
28641654 58 20
43676375 58 20
39586960 58 20
18556196 58 20
43747883 58 20
44863977 58 20
31412214 58 20
43596909 58 20
36513889 58 20
48290415 58 20
57271670 58 20
18693063 58 20
31156454 58 20
54055297 58 20
53317141 59 20
35815183 59 20
28266674 59 20
48296776 59 20
28433310 59 20
17044229 59 20
15733058 59 20
19938943 59 20
52785232 59 20
11385974 59 20
13920384 59 20
28641654 59 20
43676375 59 20
39586960 59 20
18556196 59 20
43747883 59 20
44863977 59 20
31412214 59 20
43596909 59 20
36513889 59 20
48290415 59 20
57271670 59 20
18693063 59 20
31156454 59 20
54055297 59 20
53317141 60 20
35815183 60 20
28266674 60 20
48296776 60 20
28433310 60 20
17044229 60 20
15733058 60 20
19938943 60 20
52785232 60 20
11385974 60 20
13920384 60 20
28641654 60 20
43676375 60 20
39586960 60 20
18556196 60 20
43747883 60 20
44863977 60 20
31412214 60 20
43596909 60 20
36513889 60 20
48290415 60 20
57271670 60 20
18693063 60 20
31156454 60 20
54055297 60 20
53317141 61 20
35815183 61 20
28266674 61 20
48296776 61 20
28433310 61 20
17044229 61 20
15733058 61 20
19938943 61 20
52785232 61 20
11385974 61 20
13920384 61 20
28641654 61 20
43676375 61 20
39586960 61 20
18556196 61 20
43747883 61 20
44863977 61 20
31412214 61 20
43596909 61 20
36513889 61 20
48290415 61 20
57271670 61 20
18693063 61 20
31156454 61 20
54055297 61 20
53317141 62 20
35815183 62 20
28266674 62 20
48296776 62 20
28433310 62 20
17044229 62 20
15733058 62 20
19938943 62 20
52785232 62 20
11385974 62 20
13920384 62 20
28641654 62 20
43676375 62 20
39586960 62 20
18556196 62 20
43747883 62 20
44863977 62 20
31412214 62 20
43596909 62 20
36513889 62 20
48290415 62 20
57271670 62 20
18693063 62 20
31156454 62 20
54055297 62 20
42437582 56 21
31060398 56 21
53413294 56 21
29078989 56 21
42530865 56 21
22633108 56 21
12851798 56 21
46799550 56 21
34443414 56 21
54668335 56 21
16266470 56 21
57609801 56 21
12940618 56 21
38327579 56 21
27699503 56 21
55840859 56 21
53725285 56 21
18330142 56 21
47623231 56 21
46648399 56 21
52102121 56 21
21444592 56 21
53216935 56 21
23157468 56 21
28553982 56 21
42437582 57 21
31060398 57 21
53413294 57 21
29078989 57 21
42530865 57 21
22633108 57 21
12851798 57 21
46799550 57 21
34443414 57 21
54668335 57 21
16266470 57 21
57609801 57 21
12940618 57 21
38327579 57 21
27699503 57 21
55840859 57 21
53725285 57 21
18330142 57 21
47623231 57 21
46648399 57 21
52102121 57 21
21444592 57 21
53216935 57 21
23157468 57 21
28553982 57 21
42437582 58 21
31060398 58 21
53413294 58 21
29078989 58 21
42530865 58 21
22633108 58 21
12851798 58 21
46799550 58 21
34443414 58 21
54668335 58 21
16266470 58 21
57609801 58 21
12940618 58 21
38327579 58 21
27699503 58 21
55840859 58 21
53725285 58 21
18330142 58 21
47623231 58 21
46648399 58 21
52102121 58 21
21444592 58 21
53216935 58 21
23157468 58 21
28553982 58 21
42437582 59 21
31060398 59 21
53413294 59 21
29078989 59 21
42530865 59 21
22633108 59 21
12851798 59 21
46799550 59 21
34443414 59 21
54668335 59 21
16266470 59 21
57609801 59 21
12940618 59 21
38327579 59 21
27699503 59 21
55840859 59 21
53725285 59 21
18330142 59 21
47623231 59 21
46648399 59 21
52102121 59 21
21444592 59 21
53216935 59 21
23157468 59 21
28553982 59 21
42437582 60 21
31060398 60 21
53413294 60 21
29078989 60 21
42530865 60 21
22633108 60 21
12851798 60 21
46799550 60 21
34443414 60 21
54668335 60 21
16266470 60 21
57609801 60 21
12940618 60 21
38327579 60 21
27699503 60 21
55840859 60 21
53725285 60 21
18330142 60 21
47623231 60 21
46648399 60 21
52102121 60 21
21444592 60 21
53216935 60 21
23157468 60 21
28553982 60 21
42437582 61 21
31060398 61 21
53413294 61 21
29078989 61 21
42530865 61 21
22633108 61 21
12851798 61 21
46799550 61 21
34443414 61 21
54668335 61 21
16266470 61 21
57609801 61 21
12940618 61 21
38327579 61 21
27699503 61 21
55840859 61 21
53725285 61 21
18330142 61 21
47623231 61 21
46648399 61 21
52102121 61 21
21444592 61 21
53216935 61 21
23157468 61 21
28553982 61 21
42437582 62 21
31060398 62 21
53413294 62 21
29078989 62 21
42530865 62 21
22633108 62 21
12851798 62 21
46799550 62 21
34443414 62 21
54668335 62 21
16266470 62 21
57609801 62 21
12940618 62 21
38327579 62 21
27699503 62 21
55840859 62 21
53725285 62 21
18330142 62 21
47623231 62 21
46648399 62 21
52102121 62 21
21444592 62 21
53216935 62 21
23157468 62 21
28553982 62 21
