33152024 56 1
32816645 57 1
26824577 58 1
19719602 59 1
46691578 60 1
34503828 61 1
58403650 62 1
15657387 56 2
13106819 57 2
33152024 58 2
54953394 59 2
24819431 60 2
32816645 61 2
54505571 62 2
17598383 56 3
33152024 57 3
47745538 58 3
33152024 59 3
12392835 60 3
47508976 61 3
23568601 62 3
19719602 56 4
23393816 57 4
46668066 58 4
13106819 59 4
21633339 60 4
43322049 61 4
12392835 62 4
39667879 56 5
39667879 57 5
43322049 58 5
17598383 59 5
29364102 60 5
46668066 61 5
53201437 62 5
15926396 56 6
19719602 57 6
24986727 58 6
53607031 59 6
33152024 60 6
23393816 61 6
21633339 62 6
32816645 56 7
53201437 57 7
47508976 58 7
19719602 59 7
24819431 60 7
59321011 61 7
36783834 62 7
24819431 56 8
29364102 57 8
13106819 58 8
39667879 59 8
54505571 60 8
15657387 61 8
54505571 62 8
29364102 56 9
24819431 57 9
15926396 58 9
24819431 59 9
42596572 60 9
23393816 61 9
43322049 62 9
52858748 56 10
13106819 57 10
31560821 58 10
38417910 59 10
59909360 60 10
15657387 61 10
19318155 62 10
26824577 56 11
54505571 57 11
55189029 58 11
34503828 59 11
47508976 60 11
58403650 61 11
25098420 62 11
24819431 56 12
13106819 57 12
43322049 58 12
26824577 59 12
38417910 60 12
25438436 61 12
59321011 62 12
16847599 56 13
43692234 57 13
13106819 58 13
24986727 59 13
33152024 60 13
59909360 61 13
15657387 62 13
16847599 56 14
23715642 57 14
15657387 58 14
52858748 59 14
59909360 60 14
16847599 61 14
16847599 62 14
43692234 56 15
19719602 57 15
15926396 58 15
58027171 59 15
53504366 60 15
53504366 61 15
23568601 62 15
42596572 56 16
55189029 57 16
39667879 58 16
55189029 59 16
43687770 60 16
55189029 61 16
23954280 62 16
33152024 56 17
53504366 57 17
11446796 58 17
23568601 59 17
15657387 60 17
38417910 61 17
46668066 62 17
19719602 56 18
53711402 57 18
46691578 58 18
38417910 59 18
21633339 60 18
13106819 61 18
23715642 62 18
53504366 56 19
54505571 57 19
12392835 58 19
23568601 59 19
36783834 60 19
16847599 61 19
23568601 62 19
23917525 56 20
52858748 57 20
58027171 58 20
33822308 59 20
33152024 60 20
13106819 61 20
42596572 62 20
12392835 56 21
17598383 57 21
42596572 58 21
23917525 59 21
34503828 60 21
13106819 61 21
23568601 62 21
