37479103 56 1
49710616 56 1
51183388 56 1
26660513 56 1
51147194 56 1
17397749 56 1
29188489 56 1
57306728 56 1
42262537 56 1
53419066 56 1
44032279 56 1
51578292 56 1
33422714 56 1
43713430 56 1
58382288 56 1
17086956 56 1
27889322 56 1
57026665 56 1
21155662 56 1
53425477 56 1
53494026 56 1
52845373 56 1
56058263 56 1
21263487 56 1
35896216 56 1
37479103 57 1
49710616 57 1
51183388 57 1
26660513 57 1
51147194 57 1
17397749 57 1
29188489 57 1
57306728 57 1
42262537 57 1
53419066 57 1
44032279 57 1
51578292 57 1
33422714 57 1
43713430 57 1
58382288 57 1
17086956 57 1
27889322 57 1
57026665 57 1
21155662 57 1
53425477 57 1
53494026 57 1
52845373 57 1
56058263 57 1
21263487 57 1
35896216 57 1
37479103 58 1
49710616 58 1
51183388 58 1
26660513 58 1
51147194 58 1
17397749 58 1
29188489 58 1
57306728 58 1
42262537 58 1
53419066 58 1
44032279 58 1
51578292 58 1
33422714 58 1
43713430 58 1
58382288 58 1
17086956 58 1
27889322 58 1
57026665 58 1
21155662 58 1
53425477 58 1
53494026 58 1
52845373 58 1
56058263 58 1
21263487 58 1
35896216 58 1
37479103 59 1
49710616 59 1
51183388 59 1
26660513 59 1
51147194 59 1
17397749 59 1
29188489 59 1
57306728 59 1
42262537 59 1
53419066 59 1
44032279 59 1
51578292 59 1
33422714 59 1
43713430 59 1
58382288 59 1
17086956 59 1
27889322 59 1
57026665 59 1
21155662 59 1
53425477 59 1
53494026 59 1
52845373 59 1
56058263 59 1
21263487 59 1
35896216 59 1
37479103 60 1
49710616 60 1
51183388 60 1
26660513 60 1
51147194 60 1
17397749 60 1
29188489 60 1
57306728 60 1
42262537 60 1
53419066 60 1
44032279 60 1
51578292 60 1
33422714 60 1
43713430 60 1
58382288 60 1
17086956 60 1
27889322 60 1
57026665 60 1
21155662 60 1
53425477 60 1
53494026 60 1
52845373 60 1
56058263 60 1
21263487 60 1
35896216 60 1
37479103 61 1
49710616 61 1
51183388 61 1
26660513 61 1
51147194 61 1
17397749 61 1
29188489 61 1
57306728 61 1
42262537 61 1
53419066 61 1
44032279 61 1
51578292 61 1
33422714 61 1
43713430 61 1
58382288 61 1
17086956 61 1
27889322 61 1
57026665 61 1
21155662 61 1
53425477 61 1
53494026 61 1
52845373 61 1
56058263 61 1
21263487 61 1
35896216 61 1
37479103 62 1
49710616 62 1
51183388 62 1
26660513 62 1
51147194 62 1
17397749 62 1
29188489 62 1
57306728 62 1
42262537 62 1
53419066 62 1
44032279 62 1
51578292 62 1
33422714 62 1
43713430 62 1
58382288 62 1
17086956 62 1
27889322 62 1
57026665 62 1
21155662 62 1
53425477 62 1
53494026 62 1
52845373 62 1
56058263 62 1
21263487 62 1
35896216 62 1
57883667 56 2
59878484 56 2
39530347 56 2
26473984 56 2
12451154 56 2
35999981 56 2
23432292 56 2
34042553 56 2
23958612 56 2
39367005 56 2
55432743 56 2
26383894 56 2
36452835 56 2
14104947 56 2
29796458 56 2
59096351 56 2
15469168 56 2
59623548 56 2
14896930 56 2
41044625 56 2
51310339 56 2
14346270 56 2
22622446 56 2
11183079 56 2
53273561 56 2
57883667 57 2
59878484 57 2
39530347 57 2
26473984 57 2
12451154 57 2
35999981 57 2
23432292 57 2
34042553 57 2
23958612 57 2
39367005 57 2
55432743 57 2
26383894 57 2
36452835 57 2
14104947 57 2
29796458 57 2
59096351 57 2
15469168 57 2
59623548 57 2
14896930 57 2
41044625 57 2
51310339 57 2
14346270 57 2
22622446 57 2
11183079 57 2
53273561 57 2
57883667 58 2
59878484 58 2
39530347 58 2
26473984 58 2
12451154 58 2
35999981 58 2
23432292 58 2
34042553 58 2
23958612 58 2
39367005 58 2
55432743 58 2
26383894 58 2
36452835 58 2
14104947 58 2
29796458 58 2
59096351 58 2
15469168 58 2
59623548 58 2
14896930 58 2
41044625 58 2
51310339 58 2
14346270 58 2
22622446 58 2
11183079 58 2
53273561 58 2
57883667 59 2
59878484 59 2
39530347 59 2
26473984 59 2
12451154 59 2
35999981 59 2
23432292 59 2
34042553 59 2
23958612 59 2
39367005 59 2
55432743 59 2
26383894 59 2
36452835 59 2
14104947 59 2
29796458 59 2
59096351 59 2
15469168 59 2
59623548 59 2
14896930 59 2
41044625 59 2
51310339 59 2
14346270 59 2
22622446 59 2
11183079 59 2
53273561 59 2
57883667 60 2
59878484 60 2
39530347 60 2
26473984 60 2
12451154 60 2
35999981 60 2
23432292 60 2
34042553 60 2
23958612 60 2
39367005 60 2
55432743 60 2
26383894 60 2
36452835 60 2
14104947 60 2
29796458 60 2
59096351 60 2
15469168 60 2
59623548 60 2
14896930 60 2
41044625 60 2
51310339 60 2
14346270 60 2
22622446 60 2
11183079 60 2
53273561 60 2
57883667 61 2
59878484 61 2
39530347 61 2
26473984 61 2
12451154 61 2
35999981 61 2
23432292 61 2
34042553 61 2
23958612 61 2
39367005 61 2
55432743 61 2
26383894 61 2
36452835 61 2
14104947 61 2
29796458 61 2
59096351 61 2
15469168 61 2
59623548 61 2
14896930 61 2
41044625 61 2
51310339 61 2
14346270 61 2
22622446 61 2
11183079 61 2
53273561 61 2
57883667 62 2
59878484 62 2
39530347 62 2
26473984 62 2
12451154 62 2
35999981 62 2
23432292 62 2
34042553 62 2
23958612 62 2
39367005 62 2
55432743 62 2
26383894 62 2
36452835 62 2
14104947 62 2
29796458 62 2
59096351 62 2
15469168 62 2
59623548 62 2
14896930 62 2
41044625 62 2
51310339 62 2
14346270 62 2
22622446 62 2
11183079 62 2
53273561 62 2
31506924 56 3
18314584 56 3
29977206 56 3
28528347 56 3
56229626 56 3
25868853 56 3
32197417 56 3
43261443 56 3
11537852 56 3
33484845 56 3
58603121 56 3
53948801 56 3
41110581 56 3
56031946 56 3
27967900 56 3
33882920 56 3
43969950 56 3
53548223 56 3
49819175 56 3
51304398 56 3
22258184 56 3
58494435 56 3
59902124 56 3
33416591 56 3
38114207 56 3
31506924 57 3
18314584 57 3
29977206 57 3
28528347 57 3
56229626 57 3
25868853 57 3
32197417 57 3
43261443 57 3
11537852 57 3
33484845 57 3
58603121 57 3
53948801 57 3
41110581 57 3
56031946 57 3
27967900 57 3
33882920 57 3
43969950 57 3
53548223 57 3
49819175 57 3
51304398 57 3
22258184 57 3
58494435 57 3
59902124 57 3
33416591 57 3
38114207 57 3
31506924 58 3
18314584 58 3
29977206 58 3
28528347 58 3
56229626 58 3
25868853 58 3
32197417 58 3
43261443 58 3
11537852 58 3
33484845 58 3
58603121 58 3
53948801 58 3
41110581 58 3
56031946 58 3
27967900 58 3
33882920 58 3
43969950 58 3
53548223 58 3
49819175 58 3
51304398 58 3
22258184 58 3
58494435 58 3
59902124 58 3
33416591 58 3
38114207 58 3
31506924 59 3
18314584 59 3
29977206 59 3
28528347 59 3
56229626 59 3
25868853 59 3
32197417 59 3
43261443 59 3
11537852 59 3
33484845 59 3
58603121 59 3
53948801 59 3
41110581 59 3
56031946 59 3
27967900 59 3
33882920 59 3
43969950 59 3
53548223 59 3
49819175 59 3
51304398 59 3
22258184 59 3
58494435 59 3
59902124 59 3
33416591 59 3
38114207 59 3
31506924 60 3
18314584 60 3
29977206 60 3
28528347 60 3
56229626 60 3
25868853 60 3
32197417 60 3
43261443 60 3
11537852 60 3
33484845 60 3
58603121 60 3
53948801 60 3
41110581 60 3
56031946 60 3
27967900 60 3
33882920 60 3
43969950 60 3
53548223 60 3
49819175 60 3
51304398 60 3
22258184 60 3
58494435 60 3
59902124 60 3
33416591 60 3
38114207 60 3
31506924 61 3
18314584 61 3
29977206 61 3
28528347 61 3
56229626 61 3
25868853 61 3
32197417 61 3
43261443 61 3
11537852 61 3
33484845 61 3
58603121 61 3
53948801 61 3
41110581 61 3
56031946 61 3
27967900 61 3
33882920 61 3
43969950 61 3
53548223 61 3
49819175 61 3
51304398 61 3
22258184 61 3
58494435 61 3
59902124 61 3
33416591 61 3
38114207 61 3
31506924 62 3
18314584 62 3
29977206 62 3
28528347 62 3
56229626 62 3
25868853 62 3
32197417 62 3
43261443 62 3
11537852 62 3
33484845 62 3
58603121 62 3
53948801 62 3
41110581 62 3
56031946 62 3
27967900 62 3
33882920 62 3
43969950 62 3
53548223 62 3
49819175 62 3
51304398 62 3
22258184 62 3
58494435 62 3
59902124 62 3
33416591 62 3
38114207 62 3
18852481 56 4
58201896 56 4
32099855 56 4
54897215 56 4
47534509 56 4
48161838 56 4
38140448 56 4
28833885 56 4
23320841 56 4
11017577 56 4
42376265 56 4
47041152 56 4
31293230 56 4
29048281 56 4
19864552 56 4
26281797 56 4
42377043 56 4
44919809 56 4
15461047 56 4
15153814 56 4
28699479 56 4
48642983 56 4
34296940 56 4
41495951 56 4
16667347 56 4
18852481 57 4
58201896 57 4
32099855 57 4
54897215 57 4
47534509 57 4
48161838 57 4
38140448 57 4
28833885 57 4
23320841 57 4
11017577 57 4
42376265 57 4
47041152 57 4
31293230 57 4
29048281 57 4
19864552 57 4
26281797 57 4
42377043 57 4
44919809 57 4
15461047 57 4
15153814 57 4
28699479 57 4
48642983 57 4
34296940 57 4
41495951 57 4
16667347 57 4
18852481 58 4
58201896 58 4
32099855 58 4
54897215 58 4
47534509 58 4
48161838 58 4
38140448 58 4
28833885 58 4
23320841 58 4
11017577 58 4
42376265 58 4
47041152 58 4
31293230 58 4
29048281 58 4
19864552 58 4
26281797 58 4
42377043 58 4
44919809 58 4
15461047 58 4
15153814 58 4
28699479 58 4
48642983 58 4
34296940 58 4
41495951 58 4
16667347 58 4
18852481 59 4
58201896 59 4
32099855 59 4
54897215 59 4
47534509 59 4
48161838 59 4
38140448 59 4
28833885 59 4
23320841 59 4
11017577 59 4
42376265 59 4
47041152 59 4
31293230 59 4
29048281 59 4
19864552 59 4
26281797 59 4
42377043 59 4
44919809 59 4
15461047 59 4
15153814 59 4
28699479 59 4
48642983 59 4
34296940 59 4
41495951 59 4
16667347 59 4
18852481 60 4
58201896 60 4
32099855 60 4
54897215 60 4
47534509 60 4
48161838 60 4
38140448 60 4
28833885 60 4
23320841 60 4
11017577 60 4
42376265 60 4
47041152 60 4
31293230 60 4
29048281 60 4
19864552 60 4
26281797 60 4
42377043 60 4
44919809 60 4
15461047 60 4
15153814 60 4
28699479 60 4
48642983 60 4
34296940 60 4
41495951 60 4
16667347 60 4
18852481 61 4
58201896 61 4
32099855 61 4
54897215 61 4
47534509 61 4
48161838 61 4
38140448 61 4
28833885 61 4
23320841 61 4
11017577 61 4
42376265 61 4
47041152 61 4
31293230 61 4
29048281 61 4
19864552 61 4
26281797 61 4
42377043 61 4
44919809 61 4
15461047 61 4
15153814 61 4
28699479 61 4
48642983 61 4
34296940 61 4
41495951 61 4
16667347 61 4
18852481 62 4
58201896 62 4
32099855 62 4
54897215 62 4
47534509 62 4
48161838 62 4
38140448 62 4
28833885 62 4
23320841 62 4
11017577 62 4
42376265 62 4
47041152 62 4
31293230 62 4
29048281 62 4
19864552 62 4
26281797 62 4
42377043 62 4
44919809 62 4
15461047 62 4
15153814 62 4
28699479 62 4
48642983 62 4
34296940 62 4
41495951 62 4
16667347 62 4
57635406 56 5
44641220 56 5
17163643 56 5
12079160 56 5
35019666 56 5
48601761 56 5
36224915 56 5
49449411 56 5
51092501 56 5
21738541 56 5
51347897 56 5
26467313 56 5
47332074 56 5
36946985 56 5
33370703 56 5
46517316 56 5
54579443 56 5
53944667 56 5
44781581 56 5
37302663 56 5
49207172 56 5
21213830 56 5
24101783 56 5
49590478 56 5
24363686 56 5
57635406 57 5
44641220 57 5
17163643 57 5
12079160 57 5
35019666 57 5
48601761 57 5
36224915 57 5
49449411 57 5
51092501 57 5
21738541 57 5
51347897 57 5
26467313 57 5
47332074 57 5
36946985 57 5
33370703 57 5
46517316 57 5
54579443 57 5
53944667 57 5
44781581 57 5
37302663 57 5
49207172 57 5
21213830 57 5
24101783 57 5
49590478 57 5
24363686 57 5
57635406 58 5
44641220 58 5
17163643 58 5
12079160 58 5
35019666 58 5
48601761 58 5
36224915 58 5
49449411 58 5
51092501 58 5
21738541 58 5
51347897 58 5
26467313 58 5
47332074 58 5
36946985 58 5
33370703 58 5
46517316 58 5
54579443 58 5
53944667 58 5
44781581 58 5
37302663 58 5
49207172 58 5
21213830 58 5
24101783 58 5
49590478 58 5
24363686 58 5
57635406 59 5
44641220 59 5
17163643 59 5
12079160 59 5
35019666 59 5
48601761 59 5
36224915 59 5
49449411 59 5
51092501 59 5
21738541 59 5
51347897 59 5
26467313 59 5
47332074 59 5
36946985 59 5
33370703 59 5
46517316 59 5
54579443 59 5
53944667 59 5
44781581 59 5
37302663 59 5
49207172 59 5
21213830 59 5
24101783 59 5
49590478 59 5
24363686 59 5
57635406 60 5
44641220 60 5
17163643 60 5
12079160 60 5
35019666 60 5
48601761 60 5
36224915 60 5
49449411 60 5
51092501 60 5
21738541 60 5
51347897 60 5
26467313 60 5
47332074 60 5
36946985 60 5
33370703 60 5
46517316 60 5
54579443 60 5
53944667 60 5
44781581 60 5
37302663 60 5
49207172 60 5
21213830 60 5
24101783 60 5
49590478 60 5
24363686 60 5
57635406 61 5
44641220 61 5
17163643 61 5
12079160 61 5
35019666 61 5
48601761 61 5
36224915 61 5
49449411 61 5
51092501 61 5
21738541 61 5
51347897 61 5
26467313 61 5
47332074 61 5
36946985 61 5
33370703 61 5
46517316 61 5
54579443 61 5
53944667 61 5
44781581 61 5
37302663 61 5
49207172 61 5
21213830 61 5
24101783 61 5
49590478 61 5
24363686 61 5
57635406 62 5
44641220 62 5
17163643 62 5
12079160 62 5
35019666 62 5
48601761 62 5
36224915 62 5
49449411 62 5
51092501 62 5
21738541 62 5
51347897 62 5
26467313 62 5
47332074 62 5
36946985 62 5
33370703 62 5
46517316 62 5
54579443 62 5
53944667 62 5
44781581 62 5
37302663 62 5
49207172 62 5
21213830 62 5
24101783 62 5
49590478 62 5
24363686 62 5
16490576 56 6
35868168 56 6
46156598 56 6
35448205 56 6
18881953 56 6
31805227 56 6
11082904 56 6
23787118 56 6
12898839 56 6
37690373 56 6
44389115 56 6
53594937 56 6
46653267 56 6
28401222 56 6
47837654 56 6
14335079 56 6
45669310 56 6
48641525 56 6
46523545 56 6
59180845 56 6
55399800 56 6
32798059 56 6
54996592 56 6
29882702 56 6
53336074 56 6
16490576 57 6
35868168 57 6
46156598 57 6
35448205 57 6
18881953 57 6
31805227 57 6
11082904 57 6
23787118 57 6
12898839 57 6
37690373 57 6
44389115 57 6
53594937 57 6
46653267 57 6
28401222 57 6
47837654 57 6
14335079 57 6
45669310 57 6
48641525 57 6
46523545 57 6
59180845 57 6
55399800 57 6
32798059 57 6
54996592 57 6
29882702 57 6
53336074 57 6
16490576 58 6
35868168 58 6
46156598 58 6
35448205 58 6
18881953 58 6
31805227 58 6
11082904 58 6
23787118 58 6
12898839 58 6
37690373 58 6
44389115 58 6
53594937 58 6
46653267 58 6
28401222 58 6
47837654 58 6
14335079 58 6
45669310 58 6
48641525 58 6
46523545 58 6
59180845 58 6
55399800 58 6
32798059 58 6
54996592 58 6
29882702 58 6
53336074 58 6
16490576 59 6
35868168 59 6
46156598 59 6
35448205 59 6
18881953 59 6
31805227 59 6
11082904 59 6
23787118 59 6
12898839 59 6
37690373 59 6
44389115 59 6
53594937 59 6
46653267 59 6
28401222 59 6
47837654 59 6
14335079 59 6
45669310 59 6
48641525 59 6
46523545 59 6
59180845 59 6
55399800 59 6
32798059 59 6
54996592 59 6
29882702 59 6
53336074 59 6
16490576 60 6
35868168 60 6
46156598 60 6
35448205 60 6
18881953 60 6
31805227 60 6
11082904 60 6
23787118 60 6
12898839 60 6
37690373 60 6
44389115 60 6
53594937 60 6
46653267 60 6
28401222 60 6
47837654 60 6
14335079 60 6
45669310 60 6
48641525 60 6
46523545 60 6
59180845 60 6
55399800 60 6
32798059 60 6
54996592 60 6
29882702 60 6
53336074 60 6
16490576 61 6
35868168 61 6
46156598 61 6
35448205 61 6
18881953 61 6
31805227 61 6
11082904 61 6
23787118 61 6
12898839 61 6
37690373 61 6
44389115 61 6
53594937 61 6
46653267 61 6
28401222 61 6
47837654 61 6
14335079 61 6
45669310 61 6
48641525 61 6
46523545 61 6
59180845 61 6
55399800 61 6
32798059 61 6
54996592 61 6
29882702 61 6
53336074 61 6
16490576 62 6
35868168 62 6
46156598 62 6
35448205 62 6
18881953 62 6
31805227 62 6
11082904 62 6
23787118 62 6
12898839 62 6
37690373 62 6
44389115 62 6
53594937 62 6
46653267 62 6
28401222 62 6
47837654 62 6
14335079 62 6
45669310 62 6
48641525 62 6
46523545 62 6
59180845 62 6
55399800 62 6
32798059 62 6
54996592 62 6
29882702 62 6
53336074 62 6
22593790 56 7
57344114 56 7
57834644 56 7
31498052 56 7
27853131 56 7
52125840 56 7
19885364 56 7
49077696 56 7
12998988 56 7
47503863 56 7
52140959 56 7
54712952 56 7
38254803 56 7
43192911 56 7
15809873 56 7
25003724 56 7
18877136 56 7
12264343 56 7
41035632 56 7
57140374 56 7
23011711 56 7
25962481 56 7
59173430 56 7
21897252 56 7
38507210 56 7
22593790 57 7
57344114 57 7
57834644 57 7
31498052 57 7
27853131 57 7
52125840 57 7
19885364 57 7
49077696 57 7
12998988 57 7
47503863 57 7
52140959 57 7
54712952 57 7
38254803 57 7
43192911 57 7
15809873 57 7
25003724 57 7
18877136 57 7
12264343 57 7
41035632 57 7
57140374 57 7
23011711 57 7
25962481 57 7
59173430 57 7
21897252 57 7
38507210 57 7
22593790 58 7
57344114 58 7
57834644 58 7
31498052 58 7
27853131 58 7
52125840 58 7
19885364 58 7
49077696 58 7
12998988 58 7
47503863 58 7
52140959 58 7
54712952 58 7
38254803 58 7
43192911 58 7
15809873 58 7
25003724 58 7
18877136 58 7
12264343 58 7
41035632 58 7
57140374 58 7
23011711 58 7
25962481 58 7
59173430 58 7
21897252 58 7
38507210 58 7
22593790 59 7
57344114 59 7
57834644 59 7
31498052 59 7
27853131 59 7
52125840 59 7
19885364 59 7
49077696 59 7
12998988 59 7
47503863 59 7
52140959 59 7
54712952 59 7
38254803 59 7
43192911 59 7
15809873 59 7
25003724 59 7
18877136 59 7
12264343 59 7
41035632 59 7
57140374 59 7
23011711 59 7
25962481 59 7
59173430 59 7
21897252 59 7
38507210 59 7
22593790 60 7
57344114 60 7
57834644 60 7
31498052 60 7
27853131 60 7
52125840 60 7
19885364 60 7
49077696 60 7
12998988 60 7
47503863 60 7
52140959 60 7
54712952 60 7
38254803 60 7
43192911 60 7
15809873 60 7
25003724 60 7
18877136 60 7
12264343 60 7
41035632 60 7
57140374 60 7
23011711 60 7
25962481 60 7
59173430 60 7
21897252 60 7
38507210 60 7
22593790 61 7
57344114 61 7
57834644 61 7
31498052 61 7
27853131 61 7
52125840 61 7
19885364 61 7
49077696 61 7
12998988 61 7
47503863 61 7
52140959 61 7
54712952 61 7
38254803 61 7
43192911 61 7
15809873 61 7
25003724 61 7
18877136 61 7
12264343 61 7
41035632 61 7
57140374 61 7
23011711 61 7
25962481 61 7
59173430 61 7
21897252 61 7
38507210 61 7
22593790 62 7
57344114 62 7
57834644 62 7
31498052 62 7
27853131 62 7
52125840 62 7
19885364 62 7
49077696 62 7
12998988 62 7
47503863 62 7
52140959 62 7
54712952 62 7
38254803 62 7
43192911 62 7
15809873 62 7
25003724 62 7
18877136 62 7
12264343 62 7
41035632 62 7
57140374 62 7
23011711 62 7
25962481 62 7
59173430 62 7
21897252 62 7
38507210 62 7
37468316 56 8
42719728 56 8
57645619 56 8
55638644 56 8
28818328 56 8
56205298 56 8
21132131 56 8
12870386 56 8
12357247 56 8
32087434 56 8
16265937 56 8
45363207 56 8
24052586 56 8
39498599 56 8
13598953 56 8
35202562 56 8
13274347 56 8
59764091 56 8
13027083 56 8
46765709 56 8
31894725 56 8
15341754 56 8
55700689 56 8
57418561 56 8
41069671 56 8
37468316 57 8
42719728 57 8
57645619 57 8
55638644 57 8
28818328 57 8
56205298 57 8
21132131 57 8
12870386 57 8
12357247 57 8
32087434 57 8
16265937 57 8
45363207 57 8
24052586 57 8
39498599 57 8
13598953 57 8
35202562 57 8
13274347 57 8
59764091 57 8
13027083 57 8
46765709 57 8
31894725 57 8
15341754 57 8
55700689 57 8
57418561 57 8
41069671 57 8
37468316 58 8
42719728 58 8
57645619 58 8
55638644 58 8
28818328 58 8
56205298 58 8
21132131 58 8
12870386 58 8
12357247 58 8
32087434 58 8
16265937 58 8
45363207 58 8
24052586 58 8
39498599 58 8
13598953 58 8
35202562 58 8
13274347 58 8
59764091 58 8
13027083 58 8
46765709 58 8
31894725 58 8
15341754 58 8
55700689 58 8
57418561 58 8
41069671 58 8
37468316 59 8
42719728 59 8
57645619 59 8
55638644 59 8
28818328 59 8
56205298 59 8
21132131 59 8
12870386 59 8
12357247 59 8
32087434 59 8
16265937 59 8
45363207 59 8
24052586 59 8
39498599 59 8
13598953 59 8
35202562 59 8
13274347 59 8
59764091 59 8
13027083 59 8
46765709 59 8
31894725 59 8
15341754 59 8
55700689 59 8
57418561 59 8
41069671 59 8
37468316 60 8
42719728 60 8
57645619 60 8
55638644 60 8
28818328 60 8
56205298 60 8
21132131 60 8
12870386 60 8
12357247 60 8
32087434 60 8
16265937 60 8
45363207 60 8
24052586 60 8
39498599 60 8
13598953 60 8
35202562 60 8
13274347 60 8
59764091 60 8
13027083 60 8
46765709 60 8
31894725 60 8
15341754 60 8
55700689 60 8
57418561 60 8
41069671 60 8
37468316 61 8
42719728 61 8
57645619 61 8
55638644 61 8
28818328 61 8
56205298 61 8
21132131 61 8
12870386 61 8
12357247 61 8
32087434 61 8
16265937 61 8
45363207 61 8
24052586 61 8
39498599 61 8
13598953 61 8
35202562 61 8
13274347 61 8
59764091 61 8
13027083 61 8
46765709 61 8
31894725 61 8
15341754 61 8
55700689 61 8
57418561 61 8
41069671 61 8
37468316 62 8
42719728 62 8
57645619 62 8
55638644 62 8
28818328 62 8
56205298 62 8
21132131 62 8
12870386 62 8
12357247 62 8
32087434 62 8
16265937 62 8
45363207 62 8
24052586 62 8
39498599 62 8
13598953 62 8
35202562 62 8
13274347 62 8
59764091 62 8
13027083 62 8
46765709 62 8
31894725 62 8
15341754 62 8
55700689 62 8
57418561 62 8
41069671 62 8
25789992 56 9
35733032 56 9
44600014 56 9
28276257 56 9
18219134 56 9
18123056 56 9
59610543 56 9
57002328 56 9
28864593 56 9
16717758 56 9
49561285 56 9
37765285 56 9
37529207 56 9
25217880 56 9
24193982 56 9
48587143 56 9
29247087 56 9
29422671 56 9
11670529 56 9
56687646 56 9
56783410 56 9
54710136 56 9
12977160 56 9
14935560 56 9
32034120 56 9
25789992 57 9
35733032 57 9
44600014 57 9
28276257 57 9
18219134 57 9
18123056 57 9
59610543 57 9
57002328 57 9
28864593 57 9
16717758 57 9
49561285 57 9
37765285 57 9
37529207 57 9
25217880 57 9
24193982 57 9
48587143 57 9
29247087 57 9
29422671 57 9
11670529 57 9
56687646 57 9
56783410 57 9
54710136 57 9
12977160 57 9
14935560 57 9
32034120 57 9
25789992 58 9
35733032 58 9
44600014 58 9
28276257 58 9
18219134 58 9
18123056 58 9
59610543 58 9
57002328 58 9
28864593 58 9
16717758 58 9
49561285 58 9
37765285 58 9
37529207 58 9
25217880 58 9
24193982 58 9
48587143 58 9
29247087 58 9
29422671 58 9
11670529 58 9
56687646 58 9
56783410 58 9
54710136 58 9
12977160 58 9
14935560 58 9
32034120 58 9
25789992 59 9
35733032 59 9
44600014 59 9
28276257 59 9
18219134 59 9
18123056 59 9
59610543 59 9
57002328 59 9
28864593 59 9
16717758 59 9
49561285 59 9
37765285 59 9
37529207 59 9
25217880 59 9
24193982 59 9
48587143 59 9
29247087 59 9
29422671 59 9
11670529 59 9
56687646 59 9
56783410 59 9
54710136 59 9
12977160 59 9
14935560 59 9
32034120 59 9
25789992 60 9
35733032 60 9
44600014 60 9
28276257 60 9
18219134 60 9
18123056 60 9
59610543 60 9
57002328 60 9
28864593 60 9
16717758 60 9
49561285 60 9
37765285 60 9
37529207 60 9
25217880 60 9
24193982 60 9
48587143 60 9
29247087 60 9
29422671 60 9
11670529 60 9
56687646 60 9
56783410 60 9
54710136 60 9
12977160 60 9
14935560 60 9
32034120 60 9
25789992 61 9
35733032 61 9
44600014 61 9
28276257 61 9
18219134 61 9
18123056 61 9
59610543 61 9
57002328 61 9
28864593 61 9
16717758 61 9
49561285 61 9
37765285 61 9
37529207 61 9
25217880 61 9
24193982 61 9
48587143 61 9
29247087 61 9
29422671 61 9
11670529 61 9
56687646 61 9
56783410 61 9
54710136 61 9
12977160 61 9
14935560 61 9
32034120 61 9
25789992 62 9
35733032 62 9
44600014 62 9
28276257 62 9
18219134 62 9
18123056 62 9
59610543 62 9
57002328 62 9
28864593 62 9
16717758 62 9
49561285 62 9
37765285 62 9
37529207 62 9
25217880 62 9
24193982 62 9
48587143 62 9
29247087 62 9
29422671 62 9
11670529 62 9
56687646 62 9
56783410 62 9
54710136 62 9
12977160 62 9
14935560 62 9
32034120 62 9
28035661 56 10
31901320 56 10
28663040 56 10
36232794 56 10
36962123 56 10
16140973 56 10
28988707 56 10
44766563 56 10
49406069 56 10
42588088 56 10
55386338 56 10
12203426 56 10
28686151 56 10
45347592 56 10
52541854 56 10
44572726 56 10
55295545 56 10
41237587 56 10
34940644 56 10
58877495 56 10
34570485 56 10
16011017 56 10
57323437 56 10
33755830 56 10
58561953 56 10
28035661 57 10
31901320 57 10
28663040 57 10
36232794 57 10
36962123 57 10
16140973 57 10
28988707 57 10
44766563 57 10
49406069 57 10
42588088 57 10
55386338 57 10
12203426 57 10
28686151 57 10
45347592 57 10
52541854 57 10
44572726 57 10
55295545 57 10
41237587 57 10
34940644 57 10
58877495 57 10
34570485 57 10
16011017 57 10
57323437 57 10
33755830 57 10
58561953 57 10
28035661 58 10
31901320 58 10
28663040 58 10
36232794 58 10
36962123 58 10
16140973 58 10
28988707 58 10
44766563 58 10
49406069 58 10
42588088 58 10
55386338 58 10
12203426 58 10
28686151 58 10
45347592 58 10
52541854 58 10
44572726 58 10
55295545 58 10
41237587 58 10
34940644 58 10
58877495 58 10
34570485 58 10
16011017 58 10
57323437 58 10
33755830 58 10
58561953 58 10
28035661 59 10
31901320 59 10
28663040 59 10
36232794 59 10
36962123 59 10
16140973 59 10
28988707 59 10
44766563 59 10
49406069 59 10
42588088 59 10
55386338 59 10
12203426 59 10
28686151 59 10
45347592 59 10
52541854 59 10
44572726 59 10
55295545 59 10
41237587 59 10
34940644 59 10
58877495 59 10
34570485 59 10
16011017 59 10
57323437 59 10
33755830 59 10
58561953 59 10
28035661 60 10
31901320 60 10
28663040 60 10
36232794 60 10
36962123 60 10
16140973 60 10
28988707 60 10
44766563 60 10
49406069 60 10
42588088 60 10
55386338 60 10
12203426 60 10
28686151 60 10
45347592 60 10
52541854 60 10
44572726 60 10
55295545 60 10
41237587 60 10
34940644 60 10
58877495 60 10
34570485 60 10
16011017 60 10
57323437 60 10
33755830 60 10
58561953 60 10
28035661 61 10
31901320 61 10
28663040 61 10
36232794 61 10
36962123 61 10
16140973 61 10
28988707 61 10
44766563 61 10
49406069 61 10
42588088 61 10
55386338 61 10
12203426 61 10
28686151 61 10
45347592 61 10
52541854 61 10
44572726 61 10
55295545 61 10
41237587 61 10
34940644 61 10
58877495 61 10
34570485 61 10
16011017 61 10
57323437 61 10
33755830 61 10
58561953 61 10
28035661 62 10
31901320 62 10
28663040 62 10
36232794 62 10
36962123 62 10
16140973 62 10
28988707 62 10
44766563 62 10
49406069 62 10
42588088 62 10
55386338 62 10
12203426 62 10
28686151 62 10
45347592 62 10
52541854 62 10
44572726 62 10
55295545 62 10
41237587 62 10
34940644 62 10
58877495 62 10
34570485 62 10
16011017 62 10
57323437 62 10
33755830 62 10
58561953 62 10
11758129 56 11
28203721 56 11
42892538 56 11
27575719 56 11
24829111 56 11
35361671 56 11
21587485 56 11
36654451 56 11
19689849 56 11
13741249 56 11
54474924 56 11
35725316 56 11
58069488 56 11
27928316 56 11
59112886 56 11
16358881 56 11
14511946 56 11
23142465 56 11
58685640 56 11
58576075 56 11
16409650 56 11
33912799 56 11
13563534 56 11
41429752 56 11
27817771 56 11
11758129 57 11
28203721 57 11
42892538 57 11
27575719 57 11
24829111 57 11
35361671 57 11
21587485 57 11
36654451 57 11
19689849 57 11
13741249 57 11
54474924 57 11
35725316 57 11
58069488 57 11
27928316 57 11
59112886 57 11
16358881 57 11
14511946 57 11
23142465 57 11
58685640 57 11
58576075 57 11
16409650 57 11
33912799 57 11
13563534 57 11
41429752 57 11
27817771 57 11
11758129 58 11
28203721 58 11
42892538 58 11
27575719 58 11
24829111 58 11
35361671 58 11
21587485 58 11
36654451 58 11
19689849 58 11
13741249 58 11
54474924 58 11
35725316 58 11
58069488 58 11
27928316 58 11
59112886 58 11
16358881 58 11
14511946 58 11
23142465 58 11
58685640 58 11
58576075 58 11
16409650 58 11
33912799 58 11
13563534 58 11
41429752 58 11
27817771 58 11
11758129 59 11
28203721 59 11
42892538 59 11
27575719 59 11
24829111 59 11
35361671 59 11
21587485 59 11
36654451 59 11
19689849 59 11
13741249 59 11
54474924 59 11
35725316 59 11
58069488 59 11
27928316 59 11
59112886 59 11
16358881 59 11
14511946 59 11
23142465 59 11
58685640 59 11
58576075 59 11
16409650 59 11
33912799 59 11
13563534 59 11
41429752 59 11
27817771 59 11
11758129 60 11
28203721 60 11
42892538 60 11
27575719 60 11
24829111 60 11
35361671 60 11
21587485 60 11
36654451 60 11
19689849 60 11
13741249 60 11
54474924 60 11
35725316 60 11
58069488 60 11
27928316 60 11
59112886 60 11
16358881 60 11
14511946 60 11
23142465 60 11
58685640 60 11
58576075 60 11
16409650 60 11
33912799 60 11
13563534 60 11
41429752 60 11
27817771 60 11
11758129 61 11
28203721 61 11
42892538 61 11
27575719 61 11
24829111 61 11
35361671 61 11
21587485 61 11
36654451 61 11
19689849 61 11
13741249 61 11
54474924 61 11
35725316 61 11
58069488 61 11
27928316 61 11
59112886 61 11
16358881 61 11
14511946 61 11
23142465 61 11
58685640 61 11
58576075 61 11
16409650 61 11
33912799 61 11
13563534 61 11
41429752 61 11
27817771 61 11
11758129 62 11
28203721 62 11
42892538 62 11
27575719 62 11
24829111 62 11
35361671 62 11
21587485 62 11
36654451 62 11
19689849 62 11
13741249 62 11
54474924 62 11
35725316 62 11
58069488 62 11
27928316 62 11
59112886 62 11
16358881 62 11
14511946 62 11
23142465 62 11
58685640 62 11
58576075 62 11
16409650 62 11
33912799 62 11
13563534 62 11
41429752 62 11
27817771 62 11
23516551 56 12
43509330 56 12
19539654 56 12
27024867 56 12
48838342 56 12
33685138 56 12
43669302 56 12
25119789 56 12
41085972 56 12
15833420 56 12
36110102 56 12
59309669 56 12
16218150 56 12
55095842 56 12
19406338 56 12
12239805 56 12
15395921 56 12
11409564 56 12
41877177 56 12
43486170 56 12
56810130 56 12
32271607 56 12
53023415 56 12
31058795 56 12
19232478 56 12
23516551 57 12
43509330 57 12
19539654 57 12
27024867 57 12
48838342 57 12
33685138 57 12
43669302 57 12
25119789 57 12
41085972 57 12
15833420 57 12
36110102 57 12
59309669 57 12
16218150 57 12
55095842 57 12
19406338 57 12
12239805 57 12
15395921 57 12
11409564 57 12
41877177 57 12
43486170 57 12
56810130 57 12
32271607 57 12
53023415 57 12
31058795 57 12
19232478 57 12
23516551 58 12
43509330 58 12
19539654 58 12
27024867 58 12
48838342 58 12
33685138 58 12
43669302 58 12
25119789 58 12
41085972 58 12
15833420 58 12
36110102 58 12
59309669 58 12
16218150 58 12
55095842 58 12
19406338 58 12
12239805 58 12
15395921 58 12
11409564 58 12
41877177 58 12
43486170 58 12
56810130 58 12
32271607 58 12
53023415 58 12
31058795 58 12
19232478 58 12
23516551 59 12
43509330 59 12
19539654 59 12
27024867 59 12
48838342 59 12
33685138 59 12
43669302 59 12
25119789 59 12
41085972 59 12
15833420 59 12
36110102 59 12
59309669 59 12
16218150 59 12
55095842 59 12
19406338 59 12
12239805 59 12
15395921 59 12
11409564 59 12
41877177 59 12
43486170 59 12
56810130 59 12
32271607 59 12
53023415 59 12
31058795 59 12
19232478 59 12
23516551 60 12
43509330 60 12
19539654 60 12
27024867 60 12
48838342 60 12
33685138 60 12
43669302 60 12
25119789 60 12
41085972 60 12
15833420 60 12
36110102 60 12
59309669 60 12
16218150 60 12
55095842 60 12
19406338 60 12
12239805 60 12
15395921 60 12
11409564 60 12
41877177 60 12
43486170 60 12
56810130 60 12
32271607 60 12
53023415 60 12
31058795 60 12
19232478 60 12
23516551 61 12
43509330 61 12
19539654 61 12
27024867 61 12
48838342 61 12
33685138 61 12
43669302 61 12
25119789 61 12
41085972 61 12
15833420 61 12
36110102 61 12
59309669 61 12
16218150 61 12
55095842 61 12
19406338 61 12
12239805 61 12
15395921 61 12
11409564 61 12
41877177 61 12
43486170 61 12
56810130 61 12
32271607 61 12
53023415 61 12
31058795 61 12
19232478 61 12
23516551 62 12
43509330 62 12
19539654 62 12
27024867 62 12
48838342 62 12
33685138 62 12
43669302 62 12
25119789 62 12
41085972 62 12
15833420 62 12
36110102 62 12
59309669 62 12
16218150 62 12
55095842 62 12
19406338 62 12
12239805 62 12
15395921 62 12
11409564 62 12
41877177 62 12
43486170 62 12
56810130 62 12
32271607 62 12
53023415 62 12
31058795 62 12
19232478 62 12
44445385 56 13
58361818 56 13
28117671 56 13
44373817 56 13
39380871 56 13
35545910 56 13
39835412 56 13
17166441 56 13
18445824 56 13
49224358 56 13
14999837 56 13
42308074 56 13
48417485 56 13
54728040 56 13
21308522 56 13
21895301 56 13
37075632 56 13
11131048 56 13
36857344 56 13
13644299 56 13
11734412 56 13
24568721 56 13
27130838 56 13
49794149 56 13
27838163 56 13
44445385 57 13
58361818 57 13
28117671 57 13
44373817 57 13
39380871 57 13
35545910 57 13
39835412 57 13
17166441 57 13
18445824 57 13
49224358 57 13
14999837 57 13
42308074 57 13
48417485 57 13
54728040 57 13
21308522 57 13
21895301 57 13
37075632 57 13
11131048 57 13
36857344 57 13
13644299 57 13
11734412 57 13
24568721 57 13
27130838 57 13
49794149 57 13
27838163 57 13
44445385 58 13
58361818 58 13
28117671 58 13
44373817 58 13
39380871 58 13
35545910 58 13
39835412 58 13
17166441 58 13
18445824 58 13
49224358 58 13
14999837 58 13
42308074 58 13
48417485 58 13
54728040 58 13
21308522 58 13
21895301 58 13
37075632 58 13
11131048 58 13
36857344 58 13
13644299 58 13
11734412 58 13
24568721 58 13
27130838 58 13
49794149 58 13
27838163 58 13
44445385 59 13
58361818 59 13
28117671 59 13
44373817 59 13
39380871 59 13
35545910 59 13
39835412 59 13
17166441 59 13
18445824 59 13
49224358 59 13
14999837 59 13
42308074 59 13
48417485 59 13
54728040 59 13
21308522 59 13
21895301 59 13
37075632 59 13
11131048 59 13
36857344 59 13
13644299 59 13
11734412 59 13
24568721 59 13
27130838 59 13
49794149 59 13
27838163 59 13
44445385 60 13
58361818 60 13
28117671 60 13
44373817 60 13
39380871 60 13
35545910 60 13
39835412 60 13
17166441 60 13
18445824 60 13
49224358 60 13
14999837 60 13
42308074 60 13
48417485 60 13
54728040 60 13
21308522 60 13
21895301 60 13
37075632 60 13
11131048 60 13
36857344 60 13
13644299 60 13
11734412 60 13
24568721 60 13
27130838 60 13
49794149 60 13
27838163 60 13
44445385 61 13
58361818 61 13
28117671 61 13
44373817 61 13
39380871 61 13
35545910 61 13
39835412 61 13
17166441 61 13
18445824 61 13
49224358 61 13
14999837 61 13
42308074 61 13
48417485 61 13
54728040 61 13
21308522 61 13
21895301 61 13
37075632 61 13
11131048 61 13
36857344 61 13
13644299 61 13
11734412 61 13
24568721 61 13
27130838 61 13
49794149 61 13
27838163 61 13
44445385 62 13
58361818 62 13
28117671 62 13
44373817 62 13
39380871 62 13
35545910 62 13
39835412 62 13
17166441 62 13
18445824 62 13
49224358 62 13
14999837 62 13
42308074 62 13
48417485 62 13
54728040 62 13
21308522 62 13
21895301 62 13
37075632 62 13
11131048 62 13
36857344 62 13
13644299 62 13
11734412 62 13
24568721 62 13
27130838 62 13
49794149 62 13
27838163 62 13
25144170 56 14
45380524 56 14
52511435 56 14
37826643 56 14
39065192 56 14
56614342 56 14
34420171 56 14
42248080 56 14
32698784 56 14
47276036 56 14
22674386 56 14
42537302 56 14
22163317 56 14
28500145 56 14
57921055 56 14
24162490 56 14
31763128 56 14
24949943 56 14
17218929 56 14
21660267 56 14
35540302 56 14
58732231 56 14
16132928 56 14
35243201 56 14
48717431 56 14
25144170 57 14
45380524 57 14
52511435 57 14
37826643 57 14
39065192 57 14
56614342 57 14
34420171 57 14
42248080 57 14
32698784 57 14
47276036 57 14
22674386 57 14
42537302 57 14
22163317 57 14
28500145 57 14
57921055 57 14
24162490 57 14
31763128 57 14
24949943 57 14
17218929 57 14
21660267 57 14
35540302 57 14
58732231 57 14
16132928 57 14
35243201 57 14
48717431 57 14
25144170 58 14
45380524 58 14
52511435 58 14
37826643 58 14
39065192 58 14
56614342 58 14
34420171 58 14
42248080 58 14
32698784 58 14
47276036 58 14
22674386 58 14
42537302 58 14
22163317 58 14
28500145 58 14
57921055 58 14
24162490 58 14
31763128 58 14
24949943 58 14
17218929 58 14
21660267 58 14
35540302 58 14
58732231 58 14
16132928 58 14
35243201 58 14
48717431 58 14
25144170 59 14
45380524 59 14
52511435 59 14
37826643 59 14
39065192 59 14
56614342 59 14
34420171 59 14
42248080 59 14
32698784 59 14
47276036 59 14
22674386 59 14
42537302 59 14
22163317 59 14
28500145 59 14
57921055 59 14
24162490 59 14
31763128 59 14
24949943 59 14
17218929 59 14
21660267 59 14
35540302 59 14
58732231 59 14
16132928 59 14
35243201 59 14
48717431 59 14
25144170 60 14
45380524 60 14
52511435 60 14
37826643 60 14
39065192 60 14
56614342 60 14
34420171 60 14
42248080 60 14
32698784 60 14
47276036 60 14
22674386 60 14
42537302 60 14
22163317 60 14
28500145 60 14
57921055 60 14
24162490 60 14
31763128 60 14
24949943 60 14
17218929 60 14
21660267 60 14
35540302 60 14
58732231 60 14
16132928 60 14
35243201 60 14
48717431 60 14
25144170 61 14
45380524 61 14
52511435 61 14
37826643 61 14
39065192 61 14
56614342 61 14
34420171 61 14
42248080 61 14
32698784 61 14
47276036 61 14
22674386 61 14
42537302 61 14
22163317 61 14
28500145 61 14
57921055 61 14
24162490 61 14
31763128 61 14
24949943 61 14
17218929 61 14
21660267 61 14
35540302 61 14
58732231 61 14
16132928 61 14
35243201 61 14
48717431 61 14
25144170 62 14
45380524 62 14
52511435 62 14
37826643 62 14
39065192 62 14
56614342 62 14
34420171 62 14
42248080 62 14
32698784 62 14
47276036 62 14
22674386 62 14
42537302 62 14
22163317 62 14
28500145 62 14
57921055 62 14
24162490 62 14
31763128 62 14
24949943 62 14
17218929 62 14
21660267 62 14
35540302 62 14
58732231 62 14
16132928 62 14
35243201 62 14
48717431 62 14
48651205 56 15
31815026 56 15
24313186 56 15
14473956 56 15
51768629 56 15
21817060 56 15
55238276 56 15
21397804 56 15
36373338 56 15
47062629 56 15
49759705 56 15
54940565 56 15
57495632 56 15
47708152 56 15
46351207 56 15
55003013 56 15
42311831 56 15
49196377 56 15
33473779 56 15
25156143 56 15
41647061 56 15
26577716 56 15
49383718 56 15
21902683 56 15
33982972 56 15
48651205 57 15
31815026 57 15
24313186 57 15
14473956 57 15
51768629 57 15
21817060 57 15
55238276 57 15
21397804 57 15
36373338 57 15
47062629 57 15
49759705 57 15
54940565 57 15
57495632 57 15
47708152 57 15
46351207 57 15
55003013 57 15
42311831 57 15
49196377 57 15
33473779 57 15
25156143 57 15
41647061 57 15
26577716 57 15
49383718 57 15
21902683 57 15
33982972 57 15
48651205 58 15
31815026 58 15
24313186 58 15
14473956 58 15
51768629 58 15
21817060 58 15
55238276 58 15
21397804 58 15
36373338 58 15
47062629 58 15
49759705 58 15
54940565 58 15
57495632 58 15
47708152 58 15
46351207 58 15
55003013 58 15
42311831 58 15
49196377 58 15
33473779 58 15
25156143 58 15
41647061 58 15
26577716 58 15
49383718 58 15
21902683 58 15
33982972 58 15
48651205 59 15
31815026 59 15
24313186 59 15
14473956 59 15
51768629 59 15
21817060 59 15
55238276 59 15
21397804 59 15
36373338 59 15
47062629 59 15
49759705 59 15
54940565 59 15
57495632 59 15
47708152 59 15
46351207 59 15
55003013 59 15
42311831 59 15
49196377 59 15
33473779 59 15
25156143 59 15
41647061 59 15
26577716 59 15
49383718 59 15
21902683 59 15
33982972 59 15
48651205 60 15
31815026 60 15
24313186 60 15
14473956 60 15
51768629 60 15
21817060 60 15
55238276 60 15
21397804 60 15
36373338 60 15
47062629 60 15
49759705 60 15
54940565 60 15
57495632 60 15
47708152 60 15
46351207 60 15
55003013 60 15
42311831 60 15
49196377 60 15
33473779 60 15
25156143 60 15
41647061 60 15
26577716 60 15
49383718 60 15
21902683 60 15
33982972 60 15
48651205 61 15
31815026 61 15
24313186 61 15
14473956 61 15
51768629 61 15
21817060 61 15
55238276 61 15
21397804 61 15
36373338 61 15
47062629 61 15
49759705 61 15
54940565 61 15
57495632 61 15
47708152 61 15
46351207 61 15
55003013 61 15
42311831 61 15
49196377 61 15
33473779 61 15
25156143 61 15
41647061 61 15
26577716 61 15
49383718 61 15
21902683 61 15
33982972 61 15
48651205 62 15
31815026 62 15
24313186 62 15
14473956 62 15
51768629 62 15
21817060 62 15
55238276 62 15
21397804 62 15
36373338 62 15
47062629 62 15
49759705 62 15
54940565 62 15
57495632 62 15
47708152 62 15
46351207 62 15
55003013 62 15
42311831 62 15
49196377 62 15
33473779 62 15
25156143 62 15
41647061 62 15
26577716 62 15
49383718 62 15
21902683 62 15
33982972 62 15
57878523 56 16
56855007 56 16
17039276 56 16
16597429 56 16
24247151 56 16
26152126 56 16
29315963 56 16
33785174 56 16
58985301 56 16
47344081 56 16
53254917 56 16
41403558 56 16
59393985 56 16
57525677 56 16
49442736 56 16
43301635 56 16
25197553 56 16
24042373 56 16
55739060 56 16
14597289 56 16
26815023 56 16
37173686 56 16
48264042 56 16
31093010 56 16
25354224 56 16
57878523 57 16
56855007 57 16
17039276 57 16
16597429 57 16
24247151 57 16
26152126 57 16
29315963 57 16
33785174 57 16
58985301 57 16
47344081 57 16
53254917 57 16
41403558 57 16
59393985 57 16
57525677 57 16
49442736 57 16
43301635 57 16
25197553 57 16
24042373 57 16
55739060 57 16
14597289 57 16
26815023 57 16
37173686 57 16
48264042 57 16
31093010 57 16
25354224 57 16
57878523 58 16
56855007 58 16
17039276 58 16
16597429 58 16
24247151 58 16
26152126 58 16
29315963 58 16
33785174 58 16
58985301 58 16
47344081 58 16
53254917 58 16
41403558 58 16
59393985 58 16
57525677 58 16
49442736 58 16
43301635 58 16
25197553 58 16
24042373 58 16
55739060 58 16
14597289 58 16
26815023 58 16
37173686 58 16
48264042 58 16
31093010 58 16
25354224 58 16
57878523 59 16
56855007 59 16
17039276 59 16
16597429 59 16
24247151 59 16
26152126 59 16
29315963 59 16
33785174 59 16
58985301 59 16
47344081 59 16
53254917 59 16
41403558 59 16
59393985 59 16
57525677 59 16
49442736 59 16
43301635 59 16
25197553 59 16
24042373 59 16
55739060 59 16
14597289 59 16
26815023 59 16
37173686 59 16
48264042 59 16
31093010 59 16
25354224 59 16
57878523 60 16
56855007 60 16
17039276 60 16
16597429 60 16
24247151 60 16
26152126 60 16
29315963 60 16
33785174 60 16
58985301 60 16
47344081 60 16
53254917 60 16
41403558 60 16
59393985 60 16
57525677 60 16
49442736 60 16
43301635 60 16
25197553 60 16
24042373 60 16
55739060 60 16
14597289 60 16
26815023 60 16
37173686 60 16
48264042 60 16
31093010 60 16
25354224 60 16
57878523 61 16
56855007 61 16
17039276 61 16
16597429 61 16
24247151 61 16
26152126 61 16
29315963 61 16
33785174 61 16
58985301 61 16
47344081 61 16
53254917 61 16
41403558 61 16
59393985 61 16
57525677 61 16
49442736 61 16
43301635 61 16
25197553 61 16
24042373 61 16
55739060 61 16
14597289 61 16
26815023 61 16
37173686 61 16
48264042 61 16
31093010 61 16
25354224 61 16
57878523 62 16
56855007 62 16
17039276 62 16
16597429 62 16
24247151 62 16
26152126 62 16
29315963 62 16
33785174 62 16
58985301 62 16
47344081 62 16
53254917 62 16
41403558 62 16
59393985 62 16
57525677 62 16
49442736 62 16
43301635 62 16
25197553 62 16
24042373 62 16
55739060 62 16
14597289 62 16
26815023 62 16
37173686 62 16
48264042 62 16
31093010 62 16
25354224 62 16
49349146 56 17
47131963 56 17
52307551 56 17
21602342 56 17
31136583 56 17
52523232 56 17
16563559 56 17
48568351 56 17
52636370 56 17
49576363 56 17
26560737 56 17
56200458 56 17
57574026 56 17
27233434 56 17
24568925 56 17
42673673 56 17
44071506 56 17
19154696 56 17
58000462 56 17
25242180 56 17
28301537 56 17
14442141 56 17
11170438 56 17
34062844 56 17
59419197 56 17
49349146 57 17
47131963 57 17
52307551 57 17
21602342 57 17
31136583 57 17
52523232 57 17
16563559 57 17
48568351 57 17
52636370 57 17
49576363 57 17
26560737 57 17
56200458 57 17
57574026 57 17
27233434 57 17
24568925 57 17
42673673 57 17
44071506 57 17
19154696 57 17
58000462 57 17
25242180 57 17
28301537 57 17
14442141 57 17
11170438 57 17
34062844 57 17
59419197 57 17
49349146 58 17
47131963 58 17
52307551 58 17
21602342 58 17
31136583 58 17
52523232 58 17
16563559 58 17
48568351 58 17
52636370 58 17
49576363 58 17
26560737 58 17
56200458 58 17
57574026 58 17
27233434 58 17
24568925 58 17
42673673 58 17
44071506 58 17
19154696 58 17
58000462 58 17
25242180 58 17
28301537 58 17
14442141 58 17
11170438 58 17
34062844 58 17
59419197 58 17
49349146 59 17
47131963 59 17
52307551 59 17
21602342 59 17
31136583 59 17
52523232 59 17
16563559 59 17
48568351 59 17
52636370 59 17
49576363 59 17
26560737 59 17
56200458 59 17
57574026 59 17
27233434 59 17
24568925 59 17
42673673 59 17
44071506 59 17
19154696 59 17
58000462 59 17
25242180 59 17
28301537 59 17
14442141 59 17
11170438 59 17
34062844 59 17
59419197 59 17
49349146 60 17
47131963 60 17
52307551 60 17
21602342 60 17
31136583 60 17
52523232 60 17
16563559 60 17
48568351 60 17
52636370 60 17
49576363 60 17
26560737 60 17
56200458 60 17
57574026 60 17
27233434 60 17
24568925 60 17
42673673 60 17
44071506 60 17
19154696 60 17
58000462 60 17
25242180 60 17
28301537 60 17
14442141 60 17
11170438 60 17
34062844 60 17
59419197 60 17
49349146 61 17
47131963 61 17
52307551 61 17
21602342 61 17
31136583 61 17
52523232 61 17
16563559 61 17
48568351 61 17
52636370 61 17
49576363 61 17
26560737 61 17
56200458 61 17
57574026 61 17
27233434 61 17
24568925 61 17
42673673 61 17
44071506 61 17
19154696 61 17
58000462 61 17
25242180 61 17
28301537 61 17
14442141 61 17
11170438 61 17
34062844 61 17
59419197 61 17
49349146 62 17
47131963 62 17
52307551 62 17
21602342 62 17
31136583 62 17
52523232 62 17
16563559 62 17
48568351 62 17
52636370 62 17
49576363 62 17
26560737 62 17
56200458 62 17
57574026 62 17
27233434 62 17
24568925 62 17
42673673 62 17
44071506 62 17
19154696 62 17
58000462 62 17
25242180 62 17
28301537 62 17
14442141 62 17
11170438 62 17
34062844 62 17
59419197 62 17
19151365 56 18
44655172 56 18
42329331 56 18
31812030 56 18
39486667 56 18
36927604 56 18
45947306 56 18
28750451 56 18
33025144 56 18
59211464 56 18
53731254 56 18
21749093 56 18
37559171 56 18
47065643 56 18
31976553 56 18
25397109 56 18
22104846 56 18
59399967 56 18
26453308 56 18
28804498 56 18
16648094 56 18
56331146 56 18
24672205 56 18
53447095 56 18
43652505 56 18
19151365 57 18
44655172 57 18
42329331 57 18
31812030 57 18
39486667 57 18
36927604 57 18
45947306 57 18
28750451 57 18
33025144 57 18
59211464 57 18
53731254 57 18
21749093 57 18
37559171 57 18
47065643 57 18
31976553 57 18
25397109 57 18
22104846 57 18
59399967 57 18
26453308 57 18
28804498 57 18
16648094 57 18
56331146 57 18
24672205 57 18
53447095 57 18
43652505 57 18
19151365 58 18
44655172 58 18
42329331 58 18
31812030 58 18
39486667 58 18
36927604 58 18
45947306 58 18
28750451 58 18
33025144 58 18
59211464 58 18
53731254 58 18
21749093 58 18
37559171 58 18
47065643 58 18
31976553 58 18
25397109 58 18
22104846 58 18
59399967 58 18
26453308 58 18
28804498 58 18
16648094 58 18
56331146 58 18
24672205 58 18
53447095 58 18
43652505 58 18
19151365 59 18
44655172 59 18
42329331 59 18
31812030 59 18
39486667 59 18
36927604 59 18
45947306 59 18
28750451 59 18
33025144 59 18
59211464 59 18
53731254 59 18
21749093 59 18
37559171 59 18
47065643 59 18
31976553 59 18
25397109 59 18
22104846 59 18
59399967 59 18
26453308 59 18
28804498 59 18
16648094 59 18
56331146 59 18
24672205 59 18
53447095 59 18
43652505 59 18
19151365 60 18
44655172 60 18
42329331 60 18
31812030 60 18
39486667 60 18
36927604 60 18
45947306 60 18
28750451 60 18
33025144 60 18
59211464 60 18
53731254 60 18
21749093 60 18
37559171 60 18
47065643 60 18
31976553 60 18
25397109 60 18
22104846 60 18
59399967 60 18
26453308 60 18
28804498 60 18
16648094 60 18
56331146 60 18
24672205 60 18
53447095 60 18
43652505 60 18
19151365 61 18
44655172 61 18
42329331 61 18
31812030 61 18
39486667 61 18
36927604 61 18
45947306 61 18
28750451 61 18
33025144 61 18
59211464 61 18
53731254 61 18
21749093 61 18
37559171 61 18
47065643 61 18
31976553 61 18
25397109 61 18
22104846 61 18
59399967 61 18
26453308 61 18
28804498 61 18
16648094 61 18
56331146 61 18
24672205 61 18
53447095 61 18
43652505 61 18
19151365 62 18
44655172 62 18
42329331 62 18
31812030 62 18
39486667 62 18
36927604 62 18
45947306 62 18
28750451 62 18
33025144 62 18
59211464 62 18
53731254 62 18
21749093 62 18
37559171 62 18
47065643 62 18
31976553 62 18
25397109 62 18
22104846 62 18
59399967 62 18
26453308 62 18
28804498 62 18
16648094 62 18
56331146 62 18
24672205 62 18
53447095 62 18
43652505 62 18
16248585 56 19
38384183 56 19
55719406 56 19
26367430 56 19
13589277 56 19
53944695 56 19
55790147 56 19
12541084 56 19
45113060 56 19
19941255 56 19
22028454 56 19
18193079 56 19
31365300 56 19
56083284 56 19
51868784 56 19
54264789 56 19
19153250 56 19
29028310 56 19
53928786 56 19
54549331 56 19
42318776 56 19
43502611 56 19
48841096 56 19
59149037 56 19
54488826 56 19
16248585 57 19
38384183 57 19
55719406 57 19
26367430 57 19
13589277 57 19
53944695 57 19
55790147 57 19
12541084 57 19
45113060 57 19
19941255 57 19
22028454 57 19
18193079 57 19
31365300 57 19
56083284 57 19
51868784 57 19
54264789 57 19
19153250 57 19
29028310 57 19
53928786 57 19
54549331 57 19
42318776 57 19
43502611 57 19
48841096 57 19
59149037 57 19
54488826 57 19
16248585 58 19
38384183 58 19
55719406 58 19
26367430 58 19
13589277 58 19
53944695 58 19
55790147 58 19
12541084 58 19
45113060 58 19
19941255 58 19
22028454 58 19
18193079 58 19
31365300 58 19
56083284 58 19
51868784 58 19
54264789 58 19
19153250 58 19
29028310 58 19
53928786 58 19
54549331 58 19
42318776 58 19
43502611 58 19
48841096 58 19
59149037 58 19
54488826 58 19
16248585 59 19
38384183 59 19
55719406 59 19
26367430 59 19
13589277 59 19
53944695 59 19
55790147 59 19
12541084 59 19
45113060 59 19
19941255 59 19
22028454 59 19
18193079 59 19
31365300 59 19
56083284 59 19
51868784 59 19
54264789 59 19
19153250 59 19
29028310 59 19
53928786 59 19
54549331 59 19
42318776 59 19
43502611 59 19
48841096 59 19
59149037 59 19
54488826 59 19
16248585 60 19
38384183 60 19
55719406 60 19
26367430 60 19
13589277 60 19
53944695 60 19
55790147 60 19
12541084 60 19
45113060 60 19
19941255 60 19
22028454 60 19
18193079 60 19
31365300 60 19
56083284 60 19
51868784 60 19
54264789 60 19
19153250 60 19
29028310 60 19
53928786 60 19
54549331 60 19
42318776 60 19
43502611 60 19
48841096 60 19
59149037 60 19
54488826 60 19
16248585 61 19
38384183 61 19
55719406 61 19
26367430 61 19
13589277 61 19
53944695 61 19
55790147 61 19
12541084 61 19
45113060 61 19
19941255 61 19
22028454 61 19
18193079 61 19
31365300 61 19
56083284 61 19
51868784 61 19
54264789 61 19
19153250 61 19
29028310 61 19
53928786 61 19
54549331 61 19
42318776 61 19
43502611 61 19
48841096 61 19
59149037 61 19
54488826 61 19
16248585 62 19
38384183 62 19
55719406 62 19
26367430 62 19
13589277 62 19
53944695 62 19
55790147 62 19
12541084 62 19
45113060 62 19
19941255 62 19
22028454 62 19
18193079 62 19
31365300 62 19
56083284 62 19
51868784 62 19
54264789 62 19
19153250 62 19
29028310 62 19
53928786 62 19
54549331 62 19
42318776 62 19
43502611 62 19
48841096 62 19
59149037 62 19
54488826 62 19
33267944 56 20
58794801 56 20
18314164 56 20
11991268 56 20
28737328 56 20
52526347 56 20
48439348 56 20
11291220 56 20
37228423 56 20
28291504 56 20
19343847 56 20
54634653 56 20
26739302 56 20
57157682 56 20
45347730 56 20
38430485 56 20
22490122 56 20
39791519 56 20
24499073 56 20
41873911 56 20
52344539 56 20
22197823 56 20
36067658 56 20
16873138 56 20
26540032 56 20
33267944 57 20
58794801 57 20
18314164 57 20
11991268 57 20
28737328 57 20
52526347 57 20
48439348 57 20
11291220 57 20
37228423 57 20
28291504 57 20
19343847 57 20
54634653 57 20
26739302 57 20
57157682 57 20
45347730 57 20
38430485 57 20
22490122 57 20
39791519 57 20
24499073 57 20
41873911 57 20
52344539 57 20
22197823 57 20
36067658 57 20
16873138 57 20
26540032 57 20
33267944 58 20
58794801 58 20
18314164 58 20
11991268 58 20
28737328 58 20
52526347 58 20
48439348 58 20
11291220 58 20
37228423 58 20
28291504 58 20
19343847 58 20
54634653 58 20
26739302 58 20
57157682 58 20
45347730 58 20
38430485 58 20
22490122 58 20
39791519 58 20
24499073 58 20
41873911 58 20
52344539 58 20
22197823 58 20
36067658 58 20
16873138 58 20
26540032 58 20
33267944 59 20
58794801 59 20
18314164 59 20
11991268 59 20
28737328 59 20
52526347 59 20
48439348 59 20
11291220 59 20
37228423 59 20
28291504 59 20
19343847 59 20
54634653 59 20
26739302 59 20
57157682 59 20
45347730 59 20
38430485 59 20
22490122 59 20
39791519 59 20
24499073 59 20
41873911 59 20
52344539 59 20
22197823 59 20
36067658 59 20
16873138 59 20
26540032 59 20
33267944 60 20
58794801 60 20
18314164 60 20
11991268 60 20
28737328 60 20
52526347 60 20
48439348 60 20
11291220 60 20
37228423 60 20
28291504 60 20
19343847 60 20
54634653 60 20
26739302 60 20
57157682 60 20
45347730 60 20
38430485 60 20
22490122 60 20
39791519 60 20
24499073 60 20
41873911 60 20
52344539 60 20
22197823 60 20
36067658 60 20
16873138 60 20
26540032 60 20
33267944 61 20
58794801 61 20
18314164 61 20
11991268 61 20
28737328 61 20
52526347 61 20
48439348 61 20
11291220 61 20
37228423 61 20
28291504 61 20
19343847 61 20
54634653 61 20
26739302 61 20
57157682 61 20
45347730 61 20
38430485 61 20
22490122 61 20
39791519 61 20
24499073 61 20
41873911 61 20
52344539 61 20
22197823 61 20
36067658 61 20
16873138 61 20
26540032 61 20
33267944 62 20
58794801 62 20
18314164 62 20
11991268 62 20
28737328 62 20
52526347 62 20
48439348 62 20
11291220 62 20
37228423 62 20
28291504 62 20
19343847 62 20
54634653 62 20
26739302 62 20
57157682 62 20
45347730 62 20
38430485 62 20
22490122 62 20
39791519 62 20
24499073 62 20
41873911 62 20
52344539 62 20
22197823 62 20
36067658 62 20
16873138 62 20
26540032 62 20
44191877 56 21
47794454 56 21
22021086 56 21
33606928 56 21
34858885 56 21
56185535 56 21
27421158 56 21
43039618 56 21
32795803 56 21
32943503 56 21
23808336 56 21
21105811 56 21
53855117 56 21
45263716 56 21
43140178 56 21
37056395 56 21
48975485 56 21
11453888 56 21
16595948 56 21
56517580 56 21
15467621 56 21
39025203 56 21
16258118 56 21
58549288 56 21
48533885 56 21
44191877 57 21
47794454 57 21
22021086 57 21
33606928 57 21
34858885 57 21
56185535 57 21
27421158 57 21
43039618 57 21
32795803 57 21
32943503 57 21
23808336 57 21
21105811 57 21
53855117 57 21
45263716 57 21
43140178 57 21
37056395 57 21
48975485 57 21
11453888 57 21
16595948 57 21
56517580 57 21
15467621 57 21
39025203 57 21
16258118 57 21
58549288 57 21
48533885 57 21
44191877 58 21
47794454 58 21
22021086 58 21
33606928 58 21
34858885 58 21
56185535 58 21
27421158 58 21
43039618 58 21
32795803 58 21
32943503 58 21
23808336 58 21
21105811 58 21
53855117 58 21
45263716 58 21
43140178 58 21
37056395 58 21
48975485 58 21
11453888 58 21
16595948 58 21
56517580 58 21
15467621 58 21
39025203 58 21
16258118 58 21
58549288 58 21
48533885 58 21
44191877 59 21
47794454 59 21
22021086 59 21
33606928 59 21
34858885 59 21
56185535 59 21
27421158 59 21
43039618 59 21
32795803 59 21
32943503 59 21
23808336 59 21
21105811 59 21
53855117 59 21
45263716 59 21
43140178 59 21
37056395 59 21
48975485 59 21
11453888 59 21
16595948 59 21
56517580 59 21
15467621 59 21
39025203 59 21
16258118 59 21
58549288 59 21
48533885 59 21
44191877 60 21
47794454 60 21
22021086 60 21
33606928 60 21
34858885 60 21
56185535 60 21
27421158 60 21
43039618 60 21
32795803 60 21
32943503 60 21
23808336 60 21
21105811 60 21
53855117 60 21
45263716 60 21
43140178 60 21
37056395 60 21
48975485 60 21
11453888 60 21
16595948 60 21
56517580 60 21
15467621 60 21
39025203 60 21
16258118 60 21
58549288 60 21
48533885 60 21
44191877 61 21
47794454 61 21
22021086 61 21
33606928 61 21
34858885 61 21
56185535 61 21
27421158 61 21
43039618 61 21
32795803 61 21
32943503 61 21
23808336 61 21
21105811 61 21
53855117 61 21
45263716 61 21
43140178 61 21
37056395 61 21
48975485 61 21
11453888 61 21
16595948 61 21
56517580 61 21
15467621 61 21
39025203 61 21
16258118 61 21
58549288 61 21
48533885 61 21
44191877 62 21
47794454 62 21
22021086 62 21
33606928 62 21
34858885 62 21
56185535 62 21
27421158 62 21
43039618 62 21
32795803 62 21
32943503 62 21
23808336 62 21
21105811 62 21
53855117 62 21
45263716 62 21
43140178 62 21
37056395 62 21
48975485 62 21
11453888 62 21
16595948 62 21
56517580 62 21
15467621 62 21
39025203 62 21
16258118 62 21
58549288 62 21
48533885 62 21
