18406014
49025643
29067813
46637035
59333147
35645649
45921259
47368970
41504322
55292559
37239806
31510785
49303093
15966081
35924112
55067170
56236536
14754091
45107916
56652023
48522725
18007941
38815625
26498043
51285504
48961016
43659111
54848383
18909599
57095010
35538323
57027459
34465640
52790053
37188708
49393028
12722741
29716818
29193987
37566536
39191062
57010793
53122996
15962950
34751700
13773149
47724958
43081542
39610036
58620915
54918392
11630771
24636845
17906314
23403350
44622579
31083603
48003541
27465316
46578396
46674091
46641846
17478799
28230574
58957071
21435054
24484434
26087402
25972434
34192500
52443690
59197692
35356872
32815497
58994059
32250613
46168505
53924025
43639961
33001380
12107470
27389275
42137570
16398316
18156944
18289715
17845859
37461227
38408795
21816969
13260536
19846996
19627605
33116266
18045503
58172247
31345279
36891665
52662505
25898056
53512747
29155814
58544272
14464515
59505560
22977083
14327074
26195396
12226866
56799865
59605045
46160763
46279770
47747188
43970399
42308002
16264228
47615167
56169488
47266839
12597760
57651600
34592122
52350962
13453733
46921200
59805958
32026937
25445625
55091705
26146179
31516513
51342881
19786548
26845066
55622170
24682800
22211372
26244872
26996067
41961605
26421282
29404190
44529763
59986180
16520903
57612373
54165725
33389520
36483189
12886145
14452893
24960921
36440113
58540840
28402248
26724070
47314349
39377688
55282471
36539334
52726711
34232093
11217703
14025791
57985601
42803858
15785625
13085760
29823344
37997311
36198857
25114529
29880613
11210216
28822509
57597397
55935927
23953004
53306417
42830059
23250939
43213026
51582586
42028751
29950581
14644228
29593349
58632916
29794212
21743613
19962409
41950517
44002979
39583968
53248142
24045472
49583659
17369685
29922405
33914349
39604998
46733655
31820615
35264386
13414280
28397328
47869015
41610014
16816154
46202276
53184732
26354833
42028347
24152801
55988338
12960216
48665129
54516512
41730476
44899118
21430935
49558020
23981287
31773143
27692878
39016618
31853478
54380571
36433930
54535611
17546954
51508213
31164045
32669278
37002764
57956747
38880949
59319402
24089696
13054717
56182317
37235781
34565909
54540272
29749869
13964893
46088509
29864704
55137775
41636804
48515821
15064035
59208588
48132708
58076912
38747169
34675926
26791358
56570853
44177455
57130876
54840745
54940509
24496582
33855371
48115873
16273283
53048972
47948540
43518890
22354403
19998587
13070347
49962306
14176667
18842171
59156157
41398967
44048022
41208645
49342320
25255997
58290190
15462869
12327840
13657426
38038928
59073723
59352092
18867462
18879849
19381471
39829095
31205548
24318716
14876865
18346581
52071364
34006723
18661323
39195109
39847560
37852765
48397001
15972834
14276249
48625650
24059164
11704968
31906041
25109617
25493127
29428841
36988634
27702895
56562074
29062136
22209854
58985254
24808810
23324217
31081699
39642986
58657730
29757739
36577128
31932925
53942653
34199893
29197187
42603484
35824615
42122260
28489400
53885069
46985527
57025746
49665700
46009214
43695399
25951343
45923837
52207060
44019237
28208793
27718115
19650333
16854744
13608180
28296526
29930698
28477528
45550751
39260748
22117584
23223885
52855699
22694837
48851334
55731228
45399034
27770503
59080401
11530280
13810561
32663713
45036884
23281954
52633180
14923224
38691049
38856938
56136910
53348019
11991616
56522260
48806323
43813658
22363496
23862653
39864906
18699879
25161497
25589841
51877313
33276404
46789228
38598960
38641185
34608422
36377243
21519846
35243502
46864456
45621510
51823475
47676482
57652494
41999173
36531439
37425588
41982677
44371035
26897887
58645074
56232518
23335377
22350009
56846406
21933078
16525395
55278319
37253422
19502077
52061935
11273062
34429995
56171003
13963491
39399773
17467526
11413096
43757030
53222421
36072833
39128984
54573176
11205558
36083222
37352583
28437350
46209923
23810202
32751786
35806689
26611114
25172961
41353250
33442118
43572587
53226922
45160091
55018232
48589696
48678334
27128445
29143603
51405689
38073362
45375173
59315644
45755620
59982247
19697026
33807023
14163775
42271116
12921070
46995990
34799287
26142060
47768332
48428169
49957438
46910281
38741999
54877861
41030682
35458521
46776239
36622824
54597805
55858086
13555250
18833229
13609827
22117528
14036378
35159319
14338968
54742525
22007705
47063883
15292767
58586357
21791579
34802206
43617569
22235932
43460023
55624316
18497720
16543735
31180120
57383065
11362164
15877274
43338648
55981136
24429947
36983941
19521756
26768448
56371988
13623493
35824239
53488994
18163058
13492606
28463820
35355038
29126176
31104398
54398407
19504906
43628033
19828948
49817406
45684639
43638105
59312799
55196434
31195452
54173350
22577875
31442627
52777453
39839844
23472125
31634137
23157327
14263131
52350699
58562684
53659733
44666254
19021988
22899314
49395098
58770291
19280776
32640276
22106941
25842825
39784041
58023614
47660980
16802252
39479252
58374001
49440227
24975093
42330247
12151590
29388546
28461571
23469829
43402089
29836361
49130052
31837666
39410117
13859440
51947275
28268218
59545108
53226358
38760242
15932876
39208736
18328793
51026960
48785939
17064184
49159010
57153573
27456668
34056869
39245275
22674665
46236168
22896782
57294242
53075684
46564171
36789753
52240434
28107189
21251301
26483921
33843085
22477005
55464182
25107879
17772707
21543841
18824258
12226082
48267931
58107547
17910567
18920953
28975928
55024126
32513277
26249026
33459329
32013891
35916747
51791341
27670363
12240943
36649442
33943065
24936192
51269128
46915350
46227238
57908370
14632227
23581552
59773777
24609575
44974960
12892863
17009772
58468589
31749201
33815078
52942248
54122555
16797285
37312321
13910046
38054376
35153779
13647439
59697733
53525582
33821809
51185091
27920847
34257936
41238735
59691240
29503524
42770758
44488765
22539906
11546447
