13100865
49371585
44277247
23984308
25391917
22306202
49529956
14465973
11543912
56584040
47664005
14046729
41834941
15914630
55641069
45977496
16898805
53501411
41505990
49555959
21079292
59470456
25403681
27467370
31166388
54881945
11390983
58996869
21380079
25761308
17242708
43065611
21727964
24167008
54131457
59671404
15173860
38836227
35044712
13006594
56234641
21936462
55382207
48087472
25125673
36237186
28485357
31060871
52541440
27469378
14877950
45882118
18441022
32251253
34924280
29844134
29839777
47302376
28269773
37371018
22478253
56815221
33835541
15801445
13013244
44525949
34382733
25972058
56143745
26139601
17574397
12078934
25025615
29813664
46141523
59944384
16363806
53186213
32105280
29883007
52861050
47531739
54679912
52626888
54595722
38938948
15650022
46585494
58706589
56283175
31078531
34892156
23989659
19190567
33588423
37912812
48404402
47615872
24467850
11889243
54977926
21159602
59794040
25226522
15792325
13657664
19569324
22053481
45531298
58807858
48928880
16095879
35425025
59257658
57556482
37390264
28353881
34427351
31184530
28379756
35665275
41576741
21704671
26493253
13557032
43389603
22205535
11011181
32668315
11979468
35694010
34102058
14357017
51719327
57455135
52248709
29981330
21801041
15895040
36691520
15951179
12542652
18353714
23072735
23070555
58040975
12687957
53102354
45699024
55884807
13886340
36547141
29642778
36927999
43317591
58709547
25588778
51781956
48289139
12842670
34330003
25967005
21185702
33715327
18293899
18063125
51462867
43680233
12400804
51950957
26614354
31623641
31412333
31427784
19311185
26897570
22712207
25890333
37111414
21554945
21313199
13924089
42670063
21614713
58946331
32983420
51256797
17192400
39076133
19598921
41968954
39282322
42167171
35986077
11259913
35720560
57721619
31074513
28689084
16367971
22263632
57319858
15301122
31576389
43283685
49546154
58482484
12313926
34524323
52320220
17948621
55031575
19228156
34004991
41419646
21757311
16519310
23787958
15617175
19829469
52238449
41223328
21953654
12312411
27872779
18798695
37753278
13148364
24618756
31336173
25742221
43020051
28804432
49660807
38540117
11553993
44177518
51693535
13873759
23218133
55068607
56844856
32122654
13055993
52023204
13140942
44205981
14108896
42373699
31351903
19360114
52191328
44777350
24144771
24208329
51583615
19457199
35557682
13547512
55949108
19759660
54174514
52276261
56604399
44261438
24720787
33063320
27556701
54461082
56290756
53666900
35180500
19515044
53276701
56933340
44027016
56207246
28458134
19004815
41340584
25831282
44258831
52249270
18720460
51108550
39142679
38303157
19027528
34853120
43602328
48704000
55410959
11105562
53938074
39970529
21998060
58427981
36283298
52011617
54746026
17728546
36552865
27716399
24111786
59757056
16596594
14872267
34269357
45624211
18440799
26808549
25003564
13626473
53467825
26432966
55807582
25125225
12206939
27750303
25029097
37613995
41466611
36794659
49781451
49521584
13659117
27766441
29036014
48494653
37678874
44766290
34231679
52010384
25167021
26886448
21611686
18389513
18887769
58193338
54672817
22384305
21221380
19493521
27895034
51472393
29513618
55491888
11293400
25425481
14772522
36836300
21894727
24266119
29937044
24506719
51133327
56124787
16616520
54334607
12765858
22235562
55257284
54015239
34444656
43268087
31107146
59250735
26448957
49154189
49325417
58425751
31676977
25542744
43759179
22213041
38188771
56286616
32752934
48053455
46124369
15694622
49187215
25112941
21893002
13357248
38409181
13907900
42375766
22168351
25262421
25973927
55258818
53192157
53708645
45149273
33922924
15632579
31115210
36621977
19131610
17675315
44597142
31546039
56738045
49316838
22097382
13078076
52505234
47199305
31990373
54609745
41861653
21244764
57158727
29085093
16533607
17435795
19727873
35432264
27356600
22373552
41372917
26904329
49200635
28057455
12968309
53479503
51018498
22628688
27561889
39802790
14570542
29224277
59886229
28269949
11664657
19503673
52644319
25989952
49533018
33808663
45309601
44730021
53074442
41786118
51634967
21340334
43216062
38400630
25316509
42301032
12327351
43190797
17630642
26606036
51722162
37319670
58774388
31561609
35237834
24115061
24693205
28498415
43320223
57170414
23518662
58914174
57667594
59396476
41109318
53552896
18585389
35745873
39547053
24188945
57245031
23532567
15367378
48199497
15463750
12082002
45768603
29742366
54515289
16965317
28976574
53706619
45259165
57702623
35544126
33750341
25521108
49240734
35266914
12319629
19511361
21537480
56355972
35508788
52624777
29975929
16061686
37577210
15094410
58849165
21247120
56063921
23473771
55875030
32786456
54886575
59093092
56746545
37088803
48432306
11314242
48602931
57293533
14080250
55484821
14206066
45953507
46883674
16607167
32059580
16184705
45055610
31208578
44962232
36005561
56269355
15534688
21901651
36143874
35345085
58872423
48905525
53608483
55488021
31609069
14976497
32561428
28330720
56443644
57288518
24641575
26390005
53151076
15808584
59870830
58065119
14959590
11102065
26405000
47211618
38503026
14236009
12497423
39789085
35114674
57723128
57706124
45312587
37408885
47490894
37438191
52600383
31527231
39047489
54632235
29786756
56867547
56665272
31931288
27181661
48191332
47453929
57299270
35260233
19241085
55326879
19624108
53633868
32107460
55114448
47365611
36611350
44339966
35443346
23848827
19693688
36593510
34488397
23494492
56989060
28612392
24687377
42097532
23178753
46812237
52577459
14176918
55970957
33045269
35935385
36773825
37580679
53184328
17757466
39712876
38749684
47298864
33234620
45206754
41432393
56764286
15065960
34297148
48966442
15071569
55152696
12588614
55461403
31761170
27328518
25558989
42641892
33688221
54902743
13133731
57867128
27156587
35172260
17348340
18922337
43281728
51269811
25688300
11788479
11818088
45364405
21709336
55282619
21096127
44731326
36771952
21555864
46897645
28209985
42803676
33309946
29496888
41212898
16668426
46152354
59502762
59117632
18072914
33675373
35779276
23915163
28834431
27519808
24257336
35234547
17553579
26010726
57134797
31817557
33687584
47929695
47435482
46433160
21185843
21035125
16559390
59709394
58499673
28403521
36348420
21825388
34521713
11933757
42327747
55624689
15408752
24356209
17472438
58215851
39479428
33668764
18764292
58030950
11878484
29736137
22511447
26296546
28058562
33166023
35014503
18770813
49764811
56364567
23888114
22555069
35382035
37197525
54951669
41634646
29099371
11860304
52934594
48435057
36587842
25765451
57878755
38869529
53545453
32552344
39866998
56532019
29330743
32843705
12514281
11473931
27864019
47539565
18761472
24963434
28061181
39330569
17189938
12989600
14155742
24235310
26552726
26478053
12319356
49233711
24657914
17377107
31062396
27637604
47056575
36965460
56952267
52638481
19376199
59762156
23017583
19569506
32405816
36136936
38250277
14044834
25940772
21575315
48234366
49008122
36371750
16660593
47524653
47549546
56436740
55543811
19493214
58279758
29042215
24362751
13435434
52714259
29598521
41725655
15829493
41722114
29558416
52101694
52662787
42288032
26176639
42863527
52067490
46419475
42792473
43733129
41395608
44528703
18941511
32465325
31810662
37661588
47683568
45756884
11735325
58849030
18483668
29293365
51224392
37414650
33279309
48235291
39730103
52738502
11704617
58485618
37916244
12014946
33224398
49229922
52548335
56059079
33319290
53455103
36262420
43851630
38559699
16297677
37538886
54094615
51833202
22923446
16191079
15118420
19588843
58965543
21127417
44742947
27286259
23342748
35775032
31249251
54600705
54418762
41047774
52368729
35376599
17541960
57455420
22301597
41026887
39868491
39039315
35355414
38464872
23216141
43468467
57994064
51240944
28795055
42765307
44736348
39429627
21153664
52053247
18415499
16254015
22376350
32314631
43632822
27971288
12468008
39037533
26658493
26134902
14618805
18166204
22660785
52569200
41267978
15329697
43575238
39286889
44452819
56157186
34763585
14644068
19274058
26029985
26115784
34917499
36170934
53833674
54188278
25076056
23678402
53585477
22689486
59692078
37670452
32678471
38030794
22615229
22731475
55025465
13982227
51213301
16443705
54895273
37433088
59979678
46474069
37911385
57453999
37936717
11603489
14791950
25762625
24594768
47399741
34862953
39790979
22488739
21717701
57646726
33887334
47245049
44673879
22005224
18255679
51414779
43240039
24891057
35702164
17252353
46718518
53746508
27783473
14300309
13086429
14552027
23543887
46454916
56200793
26315421
58123547
14047529
51506986
47327366
44711621
47227499
22709371
22203377
31957335
42959235
43502100
29993002
51071727
13283283
57984588
37989247
26569090
25112173
55327908
56630869
44002208
31916765
57527421
56677358
38986478
39568489
27830951
44708529
14797584
33181035
39631428
42861751
26907014
15734068
18029600
34192102
49464730
45945659
22752500
16669931
47887013
56557316
27643695
23457141
43987851
51569475
25293101
21206817
29702728
32806329
41580659
15349314
56096790
32540553
25519511
43922364
47916424
15592694
23054599
49557894
27527148
18190920
29285172
11799006
53058141
42642620
39107821
