12239855
14651332
34766098
18081963
52124448
37831408
27527223
32797798
31284617
14187705
29754759
15808261
43137838
59803035
47939892
22614645
31581229
45874066
18972445
47851725
44739801
29069526
52532708
24887155
12004501
49472547
49099872
38834019
43124645
22957786
51166431
21313127
58151156
33371359
44255419
44900026
34691227
29441946
11127908
43572117
38098017
28127549
25374060
34864070
13377335
43225776
39987310
34124808
35523615
36206315
34151504
27744754
29746522
49822261
46622098
35637779
53639226
54346937
51294315
26941197
39968794
